(1, (18.82442847471599, 39.88192076436745))
(1, (20.910792320987134, 21.13858035768242))
(1, (21.261796419111054, 21.431759772017198))
(0, (0.0, inf))
(0, (0.0, 17.750112813346707))
(0, (0.0, 15.628336974699476))
(0, (0.0, 15.577180207684945))
(0, (0.0, 9.757144684608633))
(0, (0.0, 9.689981958336181))
(0, (0.0, 8.543876597396807))
(0, (0.0, 8.53537947169452))
(0, (0.0, 8.354947272046227))
(0, (0.0, 7.552094807666784))
(0, (0.0, 7.31785930886426))
(0, (0.0, 7.230580765099751))
(0, (0.0, 7.228066304547476))
(0, (0.0, 6.977782576004795))
(0, (0.0, 6.930824964904128))
(0, (0.0, 6.899344995606582))
(0, (0.0, 6.476194150308657))
(0, (0.0, 6.450937959881244))
(0, (0.0, 6.331728502334491))
(0, (0.0, 6.224817169006389))
(0, (0.0, 6.183885476625991))
(0, (0.0, 6.119005171737024))
(0, (0.0, 5.714289645354917))
(0, (0.0, 5.602078426641149))
(0, (0.0, 5.480954372903052))
(0, (0.0, 5.427741596988282))
(0, (0.0, 5.42774003238736))
(0, (0.0, 5.414355750715804))
(0, (0.0, 5.13933233404305))
(0, (0.0, 5.039530129115493))
(0, (0.0, 5.014266888026573))
(0, (0.0, 4.822475825438553))
(0, (0.0, 4.796071822999162))
(0, (0.0, 4.765714201453351))
(0, (0.0, 4.727495806977983))
(0, (0.0, 4.685095822351253))
(0, (0.0, 4.543567081071458))
(0, (0.0, 4.523559654716437))
(0, (0.0, 4.495400964780068))
(0, (0.0, 4.491365583392875))
(0, (0.0, 4.4098456930788785))
(0, (0.0, 4.393360462565823))
(0, (0.0, 4.380953577550075))
(0, (0.0, 4.293118415939286))
(0, (0.0, 4.242107044383574))
(0, (0.0, 4.224970072480626))
(0, (0.0, 4.085261973399184))
(0, (0.0, 4.013583248837477))
(0, (0.0, 3.958976038115995))
(0, (0.0, 3.8849697171491315))
(0, (0.0, 3.866247370226885))
(0, (0.0, 3.8662471587981626))
(0, (0.0, 3.86624707657591))
(0, (0.0, 3.833260272186954))
(0, (0.0, 3.790430765686763))
(0, (0.0, 3.77123857873424))
(0, (0.0, 3.751948480291882))
(0, (0.0, 3.7519482442664445))
(0, (0.0, 3.5736520119118063))
