(1, (1353.141529922129, 1626.471026486485))
(1, (1622.9158943087593, 1626.471026486485))
(1, (1622.9158943087593, 1626.471026486485))
(0, (0.0, inf))
(0, (0.0, 7968.745447057523))
(0, (0.0, 696.5515056332877))
(0, (0.0, 679.764665159936))
(0, (0.0, 679.764665159936))
(0, (0.0, 679.764665159936))
(0, (0.0, 679.764665159936))
(0, (0.0, 679.764665159936))
(0, (0.0, 679.764665159936))
(0, (0.0, 679.764665159936))
(0, (0.0, 679.764665159936))
(0, (0.0, 558.4836613545646))
(0, (0.0, 526.5434455009387))
(0, (0.0, 526.5434455009387))
(0, (0.0, 526.5434455009387))
(0, (0.0, 526.5434455009387))
(0, (0.0, 526.5434455009387))
(0, (0.0, 526.5434455009387))
(0, (0.0, 526.5434455009387))
(0, (0.0, 526.5434455009387))
(0, (0.0, 526.5434455009387))
(0, (0.0, 526.5434455009387))
(0, (0.0, 526.5434455009387))
(0, (0.0, 526.5434455009387))
(0, (0.0, 526.5434455009387))
(0, (0.0, 526.5434455009387))
(0, (0.0, 526.5434455009387))
(0, (0.0, 526.5434455009387))
(0, (0.0, 526.5434455009387))
(0, (0.0, 515.4570787175204))
(0, (0.0, 515.4570787175204))
(0, (0.0, 515.4570787175204))
(0, (0.0, 515.4570787175204))
(0, (0.0, 515.4570787175204))
(0, (0.0, 515.4570787175204))
(0, (0.0, 515.4570787175204))
(0, (0.0, 515.4570787175204))
(0, (0.0, 515.4570787175204))
(0, (0.0, 515.4570787175204))
(0, (0.0, 515.4570787175204))
(0, (0.0, 515.4570787175204))
(0, (0.0, 515.4570787175204))
(0, (0.0, 515.4570787175204))
(0, (0.0, 515.4570787175204))
(0, (0.0, 515.4570787175204))
(0, (0.0, 515.4570787175204))
(0, (0.0, 515.4570787175204))
(0, (0.0, 515.4570787175204))
(0, (0.0, 515.4570787175204))
(0, (0.0, 515.4570787175204))
(0, (0.0, 515.4570787175204))
(0, (0.0, 515.4570787175204))
(0, (0.0, 515.4570787175204))
(0, (0.0, 515.4570787175204))
(0, (0.0, 515.4570787175204))
(0, (0.0, 515.4570787175204))
(0, (0.0, 515.4570787175204))
(0, (0.0, 515.4570787175204))
(0, (0.0, 515.4570787175204))
(0, (0.0, 515.4570787175204))
(0, (0.0, 515.4570787175204))
(0, (0.0, 515.4570787175204))
(0, (0.0, 515.4570787175204))
(0, (0.0, 515.4570787175204))
(0, (0.0, 515.4570787175204))
(0, (0.0, 515.4570787175204))
(0, (0.0, 515.4570787175204))
(0, (0.0, 504.1269681340208))
(0, (0.0, 504.1269681340208))
(0, (0.0, 504.1269681340208))
(0, (0.0, 504.1269681340208))
(0, (0.0, 504.1269681340208))
(0, (0.0, 504.1269681340208))
(0, (0.0, 504.1269681340208))
(0, (0.0, 504.1269681340208))
(0, (0.0, 504.1269681340208))
(0, (0.0, 504.1269681340208))
(0, (0.0, 504.1269681340208))
(0, (0.0, 504.1269681340208))
(0, (0.0, 504.1269681340208))
(0, (0.0, 504.1269681340208))
(0, (0.0, 504.1269681340208))
(0, (0.0, 504.1269681340208))
(0, (0.0, 504.1269681340208))
(0, (0.0, 504.1269681340208))
(0, (0.0, 504.1269681340208))
(0, (0.0, 504.1269681340208))
(0, (0.0, 504.1269681340208))
(0, (0.0, 504.1269681340208))
(0, (0.0, 504.1269681340208))
(0, (0.0, 504.1269681340208))
(0, (0.0, 504.1269681340208))
(0, (0.0, 504.1269681340208))
(0, (0.0, 504.1269681340208))
(0, (0.0, 504.1269681340208))
(0, (0.0, 492.5362930789974))
(0, (0.0, 492.5362930789974))
(0, (0.0, 492.5362930789974))
(0, (0.0, 492.5362930789974))
(0, (0.0, 492.5362930789974))
(0, (0.0, 492.5362930789974))
(0, (0.0, 480.66620434559366))
(0, (0.0, 480.66620434559366))
(0, (0.0, 480.66620434559366))
(0, (0.0, 480.66620434559366))
(0, (0.0, 480.66620434559366))
(0, (0.0, 480.66620434559366))
(0, (0.0, 480.66620434559366))
(0, (0.0, 480.66620434559366))
(0, (0.0, 480.66620434559366))
(0, (0.0, 480.66620434559366))
(0, (0.0, 480.66620434559366))
(0, (0.0, 480.66620434559366))
(0, (0.0, 480.66620434559366))
(0, (0.0, 480.66620434559366))
(0, (0.0, 480.66620434559366))
(0, (0.0, 480.66620434559366))
(0, (0.0, 474.6198478782783))
(0, (0.0, 468.4954642256422))
(0, (0.0, 456.0))
(0, (0.0, 456.0))
(0, (0.0, 449.6220635155708))
(0, (0.0, 449.6220635155708))
(0, (0.0, 443.15234400824284))
(0, (0.0, 443.15234400824284))
(0, (0.0, 436.5867611368902))
(0, (0.0, 436.5867611368902))
(0, (0.0, 429.9209229614209))
(0, (0.0, 429.9209229614209))
(0, (0.0, 423.15009157508166))
(0, (0.0, 423.15009157508166))
(0, (0.0, 416.26914370392626))
(0, (0.0, 409.2725253422223))
(0, (0.0, 409.2725253422223))
(0, (0.0, 402.1541992818178))
(0, (0.0, 402.1541992818178))
(0, (0.0, 394.90758412570403))
(0, (0.0, 394.90758412570403))
(0, (0.0, 387.52548303305167))
(0, (0.0, 387.52548303305167))
(0, (0.0, 387.52548303305167))
(0, (0.0, 380.0))
(0, (0.0, 380.0))
(0, (0.0, 372.32244090304306))
(0, (0.0, 372.32244090304306))
(0, (0.0, 372.32244090304306))
(0, (0.0, 372.32244090304306))
(0, (0.0, 372.32244090304306))
(0, (0.0, 372.32244090304306))
(0, (0.0, 372.32244090304306))
(0, (0.0, 372.32244090304306))
(0, (0.0, 372.32244090304306))
(0, (0.0, 372.32244090304306))
(0, (0.0, 372.32244090304306))
(0, (0.0, 372.32244090304306))
(0, (0.0, 372.32244090304306))
(0, (0.0, 372.32244090304306))
(0, (0.0, 372.32244090304306))
(0, (0.0, 372.32244090304306))
(0, (0.0, 372.32244090304306))
(0, (0.0, 372.32244090304306))
(0, (0.0, 372.32244090304306))
(0, (0.0, 372.32244090304306))
(0, (0.0, 372.32244090304306))
(0, (0.0, 372.32244090304306))
(0, (0.0, 372.32244090304306))
(0, (0.0, 372.32244090304306))
(0, (0.0, 364.4831957717667))
(0, (0.0, 364.4831957717667))
(0, (0.0, 348.27575281664383))
(0, (0.0, 331.2763197090912))
(0, (0.0, 304.0))
(0, (0.0, 304.0))
(0, (0.0, 294.34673431176367))
(0, (0.0, 294.34673431176367))
(0, (0.0, 284.3659613948195))
(0, (0.0, 284.3659613948195))
(0, (0.0, 284.3659613948195))
(0, (0.0, 284.3659613948195))
(0, (0.0, 284.3659613948195))
(0, (0.0, 284.3659613948195))
(0, (0.0, 284.3659613948195))
(0, (0.0, 284.3659613948195))
(0, (0.0, 284.3659613948195))
(0, (0.0, 284.3659613948195))
(0, (0.0, 284.3659613948195))
(0, (0.0, 284.3659613948195))
(0, (0.0, 284.3659613948195))
(0, (0.0, 284.3659613948195))
(0, (0.0, 284.3659613948195))
(0, (0.0, 284.3659613948195))
(0, (0.0, 284.3659613948195))
(0, (0.0, 284.3659613948195))
(0, (0.0, 284.3659613948195))
(0, (0.0, 284.3659613948195))
(0, (0.0, 284.3659613948195))
(0, (0.0, 284.3659613948195))
(0, (0.0, 284.3659613948195))
(0, (0.0, 284.3659613948195))
(0, (0.0, 263.27172275046934))
(0, (0.0, 240.33310217279683))
