(1, (1353.141529922129, 1630.0184048040685))
(1, (1622.9158943087593, 1626.471026486485))
(0, (0.0, inf))
(0, (0.0, 6569.078626413297))
(0, (0.0, 1211.2406862387013))
(0, (0.0, 1211.2406862387013))
(0, (0.0, 1206.4625978454533))
(0, (0.0, 1187.1579507378115))
(0, (0.0, 1182.2825381439075))
(0, (0.0, 1182.2825381439075))
(0, (0.0, 1152.5970674958357))
(0, (0.0, 1152.5970674958357))
(0, (0.0, 1147.574834161154))
(0, (0.0, 1147.574834161154))
(0, (0.0, 1147.574834161154))
(0, (0.0, 1147.574834161154))
(0, (0.0, 1098.719254404873))
(0, (0.0, 1019.6469977399041))
(0, (0.0, 839.4474373062318))
(0, (0.0, 818.5450506844446))
