(0, (0.0, inf))
(0, (0.0, 807.8910817678334))
(0, (0.0, 807.8910817678334))
(0, (0.0, 807.8910817678334))
(0, (0.0, 807.8910817678334))
(0, (0.0, 807.8910817678334))
(0, (0.0, 807.8910817678334))
(0, (0.0, 807.8910817678334))
(0, (0.0, 807.8910817678334))
(0, (0.0, 800.7096852168081))
(0, (0.0, 800.7096852168081))
(0, (0.0, 800.7096852168081))
(0, (0.0, 800.7096852168081))
(0, (0.0, 800.7096852168081))
(0, (0.0, 800.7096852168081))
(0, (0.0, 800.7096852168081))
(0, (0.0, 800.7096852168081))
(0, (0.0, 800.7096852168081))
(0, (0.0, 800.7096852168081))
(0, (0.0, 800.7096852168081))
(0, (0.0, 800.7096852168081))
(0, (0.0, 800.7096852168081))
(0, (0.0, 800.7096852168081))
(0, (0.0, 800.7096852168081))
(0, (0.0, 793.4632946772018))
(0, (0.0, 793.4632946772018))
(0, (0.0, 793.4632946772018))
(0, (0.0, 793.4632946772018))
(0, (0.0, 793.4632946772018))
(0, (0.0, 775.0509660661033))
(0, (0.0, 767.5623753155179))
(0, (0.0, 767.5623753155179))
(0, (0.0, 767.5623753155179))
(0, (0.0, 748.513192936504))
(0, (0.0, 712.9431954931613))
(0, (0.0, 704.7950056576735))
(0, (0.0, 704.7950056576735))
(0, (0.0, 704.7950056576735))
(0, (0.0, 704.7950056576735))
(0, (0.0, 684.0))
(0, (0.0, 635.8616201658974))
(0, (0.0, 568.731922789639))
(0, (0.0, 568.731922789639))
(0, (0.0, 504.1269681340208))
(0, (0.0, 504.1269681340208))
(0, (0.0, 504.1269681340208))
(0, (0.0, 504.1269681340208))
(0, (0.0, 456.0))
(0, (0.0, 456.0))
(0, (0.0, 456.0))
