(0, (0.0, inf))
(0, (0.0, 277.5599572792194))
(0, (0.0, 213.84429332406913))
(0, (0.0, 163.5090870678685))
(0, (0.0, 147.018352100812))
(0, (0.0, 139.94565533778024))
(0, (0.0, 77.94819273064499))
(0, (0.0, 66.5520131385758))
(0, (0.0, 53.42102285771771))
(0, (0.0, 51.55784914239841))
(0, (0.0, 49.56515412956236))
(0, (0.0, 32.483775035698436))
(0, (0.0, 31.18876027673927))
(0, (0.0, 19.259819713530426))
(0, (0.0, 18.703862993403497))
(0, (0.0, 17.57993007415918))
(0, (0.0, 15.590103999579917))
(0, (0.0, 12.25748259077699))
(0, (0.0, 11.737937530471243))
(0, (0.0, 10.735660580979507))
(0, (0.0, 9.319379507736672))
(0, (0.0, 8.872442019005629))
(0, (0.0, 5.155881138508554))
(0, (0.0, 5.112537792310667))
(0, (0.0, 4.651683929948205))
(0, (0.0, 4.213034483697561))
(0, (0.0, 3.9294455244187847))
(0, (0.0, 2.74632354442741))
(0, (0.0, 2.7045675248596086))
(0, (0.0, 2.5004257089863904))
(0, (0.0, 1.6958002022460148))
(0, (0.0, 0.4962303467803898))
(0, (0.0, 0.3383702952222884))
(0, (0.0, 0.31462583230091873))
(0, (0.0, 0.21179085983124443))
(0, (0.0, 0.19820323888787886))
(0, (0.0, 0.1492173009830087))
(0, (0.0, 0.13663734102137132))
(0, (0.0, 0.13395467992673346))
(0, (0.0, 0.1194588644065371))
(0, (0.0, 0.09545816095549596))
(0, (0.0, 0.07961774682368723))
(0, (0.0, 1.1579344063729088e-13))
(0, (0.0, 1.0069178111620161e-13))
(0, (0.0, 9.902791085360078e-14))
(0, (0.0, 7.505107646466058e-14))
(0, (0.0, 6.161687776420516e-14))
(0, (0.0, 6.030340671677791e-14))
(0, (0.0, 4.5301997182674393e-14))
(0, (0.0, 4.4905742271687386e-14))
