(1, (18.876525152115935, 39.558526455894544))
(1, (20.774611563268188, 21.057034131618213))
(1, (21.31520196370872, 21.485589097767225))
(0, (0.0, inf))
(0, (0.0, 17.79468184710692))
(0, (0.0, 15.6676034191616))
(0, (0.0, 15.616318225369762))
(0, (0.0, 9.781656110679947))
(0, (0.0, 9.714324626700012))
(0, (0.0, 8.565335919544754))
(0, (0.0, 8.556817466104222))
(0, (0.0, 8.375926681025541))
(0, (0.0, 7.5710586282019))
(0, (0.0, 7.336241713183855))
(0, (0.0, 7.29636844549771))
(0, (0.0, 7.246223020782283))
(0, (0.0, 7.000514628416086))
(0, (0.0, 6.948233819914389))
(0, (0.0, 6.91667456241885))
(0, (0.0, 6.492460895987306))
(0, (0.0, 6.458673778339492))
(0, (0.0, 6.310178743518962))
(0, (0.0, 6.240451969567575))
(0, (0.0, 6.193529568246106))
(0, (0.0, 6.134374066963111))
(0, (0.0, 5.7286416927975035))
(0, (0.0, 5.690321844381826))
(0, (0.0, 5.49471994600651))
(0, (0.0, 5.441371855502083))
(0, (0.0, 5.441371219621268))
(0, (0.0, 5.4279525007058))
(0, (0.0, 5.152240136418524))
(0, (0.0, 5.05218696161764))
(0, (0.0, 4.994114849671024))
(0, (0.0, 4.84588735995661))
(0, (0.0, 4.800526964690663))
(0, (0.0, 4.770048373641226))
(0, (0.0, 4.739372325562074))
(0, (0.0, 4.708496619391014))
(0, (0.0, 4.582914044459749))
(0, (0.0, 4.534924317702486))
(0, (0.0, 4.518814096730218))
(0, (0.0, 4.50264588074893))
(0, (0.0, 4.420921448698297))
(0, (0.0, 4.404394433123516))
(0, (0.0, 4.337658054737569))
(0, (0.0, 4.303900787935756))
(0, (0.0, 4.252764568781841))
(0, (0.0, 4.235580234009973))
(0, (0.0, 4.095522517914263))
(0, (0.0, 4.023666583309431))
(0, (0.0, 3.9689193463589247))
(0, (0.0, 3.8947274943649557))
(0, (0.0, 3.875957504617761))
(0, (0.0, 3.875957492871723))
(0, (0.0, 3.8759573754113026))
(0, (0.0, 3.7999518263445546))
(0, (0.0, 3.7999510475805787))
(0, (0.0, 3.780710661468024))
(0, (0.0, 3.761371881318826))
(0, (0.0, 3.761371748176257))
(0, (0.0, 3.582628361957158))
