(1, (1353.141529922129, 1626.471026486485))
(1, (1425.8863909863226, 1626.471026486485))
(1, (1329.4570320247285, 1489.2897636121722))
(1, (1346.7234311468706, 1489.2897636121722))
(1, (1276.2570274047466, 1417.7616160695))
(1, (1359.529330319872, 1489.2897636121722))
(1, (1368.0, 1489.2897636121722))
(1, (1372.215726480352, 1489.2897636121722))
(1, (1372.215726480352, 1489.2897636121722))
(1, (1376.4185409968873, 1489.2897636121722))
(1, (1376.4185409968873, 1489.2897636121722))
(1, (1376.4185409968873, 1489.2897636121722))
(1, (1376.4185409968873, 1489.2897636121722))
(1, (1376.4185409968873, 1489.2897636121722))
(1, (1376.4185409968873, 1485.406341712597))
(1, (1380.6085614684562, 1489.2897636121722))
(1, (1380.6085614684562, 1489.2897636121722))
(1, (1380.6085614684562, 1489.2897636121722))
(1, (1384.7859040299334, 1489.2897636121722))
(1, (1401.3707575085189, 1489.2897636121722))
(1, (1397.2429996246178, 1481.5127404109626))
(1, (1401.3707575085189, 1481.5127404109626))
(1, (1413.681718068109, 1489.2897636121722))
(1, (1413.681718068109, 1489.2897636121722))
(1, (1413.681718068109, 1485.406341712597))
(1, (1285.27662392187, 1342.4276516818327))
(1, (1433.9651320726039, 1489.2897636121722))
(1, (1433.9651320726039, 1485.406341712597))
(1, (1433.9651320726039, 1485.406341712597))
(1, (1433.9651320726039, 1485.406341712597))
(1, (1437.9874825602622, 1489.2897636121722))
(1, (1437.9874825602622, 1489.2897636121722))
(1, (1441.998613036781, 1489.2897636121722))
(1, (1441.998613036781, 1485.406341712597))
(1, (1318.5507195402079, 1359.529330319872))
(1, (1353.141529922129, 1372.215726480352))
(1, (1331.6275755630777, 1348.8661905467125))
(1, (1401.3707575085189, 1417.7616160695))
(1, (1485.406341712597, 1500.879742017994))
(1, (1489.2897636121722, 1504.7232303649732))
(1, (1429.9314668892353, 1441.998613036781))
(1, (1357.4034035613731, 1365.8872574264685))
(1, (1409.590011315347, 1417.7616160695))
(1, (1437.9874825602622, 1445.998616873474))
(1, (1457.9327830870668, 1465.8349156709291))
(1, (1461.8891886870222, 1469.7700500418425))
(1, (1461.8891886870222, 1469.7700500418425))
(1, (1469.7700500418425, 1477.6088792369922))
(1, (1489.2897636121722, 1497.026385873008))
(1, (1461.8891886870222, 1465.8349156709291))
(1, (1465.8349156709291, 1469.7700500418425))
(1, (1535.1247506310358, 1538.8827115800607))
(1, (1622.9158943087593, 1626.471026486485))
(1, (1622.9158943087593, 1626.471026486485))
(1, (1622.9158943087593, 1626.471026486485))
(1, (1622.9158943087593, 1626.471026486485))
(1, (1622.9158943087593, 1626.471026486485))
(1, (1622.9158943087593, 1626.471026486485))
(1, (1622.9158943087593, 1626.471026486485))
(1, (1622.9158943087593, 1626.471026486485))
(1, (1622.9158943087593, 1626.471026486485))
(0, (0.0, inf))
(0, (0.0, 1368.0))
(0, (0.0, 1359.529330319872))
(0, (0.0, 1359.529330319872))
(0, (0.0, 1351.0055514319695))
(0, (0.0, 1346.7234311468706))
(0, (0.0, 1346.7234311468706))
(0, (0.0, 1342.4276516818327))
(0, (0.0, 1342.4276516818327))
(0, (0.0, 1338.1180814860847))
(0, (0.0, 1338.1180814860847))
(0, (0.0, 1329.4570320247285))
(0, (0.0, 1325.1052788363647))
(0, (0.0, 1320.7391869706903))
(0, (0.0, 1320.7391869706903))
(0, (0.0, 1320.7391869706903))
(0, (0.0, 1316.3586137523469))
(0, (0.0, 1307.5534405904793))
(0, (0.0, 1303.1285431606507))
(0, (0.0, 1298.6885692882647))
(0, (0.0, 1296.4628803016305))
(0, (0.0, 1280.7747655228065))
(0, (0.0, 1280.7747655228065))
(0, (0.0, 1280.7747655228065))
(0, (0.0, 1280.7747655228065))
(0, (0.0, 1280.7747655228065))
(0, (0.0, 1276.2570274047466))
(0, (0.0, 1276.2570274047466))
(0, (0.0, 1273.992150682256))
(0, (0.0, 1267.173232040513))
(0, (0.0, 1267.173232040513))
(0, (0.0, 1267.173232040513))
(0, (0.0, 1253.4241101877687))
(0, (0.0, 1248.8074311117787))
(0, (0.0, 1248.8074311117787))
(0, (0.0, 1244.1736213246124))
(0, (0.0, 1244.1736213246124))
(0, (0.0, 1244.1736213246124))
(0, (0.0, 1244.1736213246124))
(0, (0.0, 1244.1736213246124))
(0, (0.0, 1239.5224887028069))
(0, (0.0, 1234.853837504666))
(0, (0.0, 1234.853837504666))
(0, (0.0, 1230.167468274137))
(0, (0.0, 1230.167468274137))
(0, (0.0, 1225.4631777413795))
(0, (0.0, 1225.4631777413795))
(0, (0.0, 1223.1042473967623))
(0, (0.0, 1220.7407587198848))
(0, (0.0, 1211.2406862387013))
(0, (0.0, 1211.2406862387013))
(0, (0.0, 1206.4625978454533))
(0, (0.0, 1206.4625978454533))
(0, (0.0, 1206.4625978454533))
(0, (0.0, 1204.0664433493694))
(0, (0.0, 1201.665510863984))
(0, (0.0, 1201.665510863984))
(0, (0.0, 1187.1579507378115))
(0, (0.0, 1174.9314873642634))
(0, (0.0, 1167.5341536760284))
(0, (0.0, 1157.597512091314))
(0, (0.0, 1137.463845579278))
(0, (0.0, 1137.463845579278))
(0, (0.0, 1137.463845579278))
(0, (0.0, 1137.463845579278))
(0, (0.0, 1137.463845579278))
(0, (0.0, 1137.463845579278))
(0, (0.0, 1132.3744963571019))
(0, (0.0, 1132.3744963571019))
(0, (0.0, 1132.3744963571019))
(0, (0.0, 1132.3744963571019))
(0, (0.0, 1129.8212247962065))
(0, (0.0, 1127.2621700385407))
(0, (0.0, 1116.9673227091291))
(0, (0.0, 1116.9673227091291))
(0, (0.0, 1116.9673227091291))
(0, (0.0, 1111.7841517129123))
(0, (0.0, 1111.7841517129123))
(0, (0.0, 1111.7841517129123))
(0, (0.0, 1111.7841517129123))
(0, (0.0, 1101.3446327103973))
(0, (0.0, 1096.0875877410529))
(0, (0.0, 1096.0875877410529))
(0, (0.0, 1096.0875877410529))
(0, (0.0, 1096.0875877410529))
(0, (0.0, 1090.8052071749566))
(0, (0.0, 1085.4971211385132))
(0, (0.0, 1080.1629506699442))
(0, (0.0, 1074.8023074035523))
(0, (0.0, 1069.414793239742))
(0, (0.0, 1069.414793239742))
(0, (0.0, 1064.0))
(0, (0.0, 1064.0))
(0, (0.0, 1042.0594992609588))
(0, (0.0, 1039.2843691694782))
(0, (0.0, 1036.5018089709251))
(0, (0.0, 1005.3854982045444))
(0, (0.0, 1002.5088528287419))
(0, (0.0, 999.6239292854088))
(0, (0.0, 996.730655693904))
(0, (0.0, 990.9187655908026))
(0, (0.0, 990.9187655908026))
(0, (0.0, 990.9187655908026))
(0, (0.0, 988.0))
(0, (0.0, 985.0725861579948))
(0, (0.0, 985.0725861579948))
(0, (0.0, 985.0725861579948))
(0, (0.0, 985.0725861579948))
(0, (0.0, 985.0725861579948))
(0, (0.0, 985.0725861579948))
(0, (0.0, 973.274884089793))
(0, (0.0, 970.3030454450816))
(0, (0.0, 961.3324086911873))
(0, (0.0, 961.3324086911873))
(0, (0.0, 955.3051868382166))
(0, (0.0, 955.3051868382166))
(0, (0.0, 955.3051868382166))
(0, (0.0, 946.1923694471436))
(0, (0.0, 943.1351970953051))
(0, (0.0, 930.8061022576077))
(0, (0.0, 930.8061022576077))
(0, (0.0, 921.4510296266427))
(0, (0.0, 915.1611879882145))
(0, (0.0, 912.0))
(0, (0.0, 912.0))
(0, (0.0, 912.0))
(0, (0.0, 912.0))
(0, (0.0, 912.0))
(0, (0.0, 912.0))
(0, (0.0, 905.6445218737869))
(0, (0.0, 905.6445218737869))
(0, (0.0, 905.6445218737869))
(0, (0.0, 905.6445218737869))
(0, (0.0, 905.6445218737869))
(0, (0.0, 905.6445218737869))
(0, (0.0, 896.0267853139213))
(0, (0.0, 886.3046880164857))
(0, (0.0, 886.3046880164857))
(0, (0.0, 873.1735222737803))
(0, (0.0, 859.8418459228418))
(0, (0.0, 853.0978841844586))
(0, (0.0, 849.7058314499201))
(0, (0.0, 846.3001831501633))
(0, (0.0, 832.5382874078525))
(0, (0.0, 800.7096852168081))
(0, (0.0, 778.7682582129295))
(0, (0.0, 775.0509660661033))
(0, (0.0, 771.3157589470087))
(0, (0.0, 767.5623753155179))
(0, (0.0, 767.5623753155179))
(0, (0.0, 756.1904522010311))
(0, (0.0, 752.3616151824866))
(0, (0.0, 752.3616151824866))
(0, (0.0, 752.3616151824866))
(0, (0.0, 748.513192936504))
(0, (0.0, 736.847338327282))
(0, (0.0, 736.847338327282))
(0, (0.0, 720.9993065183905))
(0, (0.0, 704.7950056576735))
(0, (0.0, 696.5515056332877))
(0, (0.0, 696.5515056332877))
(0, (0.0, 692.3929520149667))
(0, (0.0, 679.764665159936))
(0, (0.0, 679.764665159936))
(0, (0.0, 679.764665159936))
(0, (0.0, 671.2138258409163))
(0, (0.0, 671.2138258409163))
(0, (0.0, 662.5526394181824))
(0, (0.0, 617.426918752333))
(0, (0.0, 617.426918752333))
(0, (0.0, 608.0))
(0, (0.0, 563.6310850192704))
(0, (0.0, 526.5434455009387))
(0, (0.0, 515.4570787175204))
(0, (0.0, 515.4570787175204))
(0, (0.0, 515.4570787175204))
(0, (0.0, 515.4570787175204))
(0, (0.0, 504.1269681340208))
(0, (0.0, 504.1269681340208))
(0, (0.0, 504.1269681340208))
(0, (0.0, 480.66620434559366))
(0, (0.0, 402.1541992818178))
(0, (0.0, 394.90758412570403))
(0, (0.0, 387.52548303305167))
(0, (0.0, 387.52548303305167))
(0, (0.0, 372.32244090304306))
(0, (0.0, 372.32244090304306))
(0, (0.0, 372.32244090304306))
(0, (0.0, 372.32244090304306))
(0, (0.0, 304.0))
(0, (0.0, 304.0))
(0, (0.0, 294.34673431176367))
(0, (0.0, 284.3659613948195))
(0, (0.0, 284.3659613948195))
(0, (0.0, 284.3659613948195))
(0, (0.0, 284.3659613948195))
(0, (0.0, 263.27172275046934))
(0, (0.0, 252.0634840670104))
(0, (0.0, 214.96046148071045))
