(0, (0.0, inf))
(0, (0.0, 967.322076663197))
(0, (0.0, 955.3051868382166))
(0, (0.0, 955.3051868382166))
(0, (0.0, 955.3051868382166))
(0, (0.0, 955.3051868382166))
(0, (0.0, 955.3051868382166))
(0, (0.0, 955.3051868382166))
(0, (0.0, 955.3051868382166))
(0, (0.0, 955.3051868382166))
(0, (0.0, 955.3051868382166))
(0, (0.0, 943.1351970953051))
(0, (0.0, 943.1351970953051))
(0, (0.0, 943.1351970953051))
(0, (0.0, 936.9909284512844))
(0, (0.0, 936.9909284512844))
(0, (0.0, 936.9909284512844))
(0, (0.0, 936.9909284512844))
(0, (0.0, 930.8061022576077))
(0, (0.0, 930.8061022576077))
(0, (0.0, 930.8061022576077))
(0, (0.0, 930.8061022576077))
(0, (0.0, 924.5799046053294))
(0, (0.0, 924.5799046053294))
(0, (0.0, 924.5799046053294))
(0, (0.0, 416.26914370392626))
(0, (0.0, 416.26914370392626))
(0, (0.0, 416.26914370392626))
(0, (0.0, 356.47159774658064))
(0, (0.0, 356.47159774658064))
(0, (0.0, 356.47159774658064))
(0, (0.0, 356.47159774658064))
(0, (0.0, 356.47159774658064))
(0, (0.0, 356.47159774658064))
(0, (0.0, 356.47159774658064))
(0, (0.0, 356.47159774658064))
(0, (0.0, 356.47159774658064))
(0, (0.0, 356.47159774658064))
(0, (0.0, 356.47159774658064))
(0, (0.0, 356.47159774658064))
(0, (0.0, 356.47159774658064))
(0, (0.0, 356.47159774658064))
(0, (0.0, 356.47159774658064))
(0, (0.0, 356.47159774658064))
(0, (0.0, 356.47159774658064))
(0, (0.0, 356.47159774658064))
(0, (0.0, 356.47159774658064))
(0, (0.0, 356.47159774658064))
(0, (0.0, 356.47159774658064))
(0, (0.0, 356.47159774658064))
(0, (0.0, 356.47159774658064))
(0, (0.0, 356.47159774658064))
(0, (0.0, 356.47159774658064))
(0, (0.0, 356.47159774658064))
(0, (0.0, 356.47159774658064))
