(0, (0.0, inf))
(0, (0.0, 2738.005113216555))
(0, (0.0, 2694.6304013723293))
(0, (0.0, 2553.9418552504285))
(0, (0.0, 2217.772756618676))
(0, (0.0, 1798.3695393327812))
(0, (0.0, 1326.1930477875383))
(0, (0.0, 1157.9892054764587))
(0, (0.0, 986.2732886984215))
(0, (0.0, 888.4767864159423))
(0, (0.0, 803.9185282104152))
(0, (0.0, 264.1685068285014))
(0, (0.0, 263.81432864800956))
(0, (0.0, 233.52301813739905))
(0, (0.0, 205.22670391545054))
(0, (0.0, 168.60901518009052))
(0, (0.0, 101.67103815738285))
(0, (0.0, 67.22350779303324))
