(1, (712.9431954931613, 804.3083985636356))
(1, (767.5623753155179, 804.3083985636356))
(1, (789.8151682514081, 797.0947246093152))
(0, (0.0, inf))
(0, (0.0, 760.0))
(0, (0.0, 720.9993065183905))
(0, (0.0, 712.9431954931613))
(0, (0.0, 712.9431954931613))
(0, (0.0, 712.9431954931613))
(0, (0.0, 712.9431954931613))
(0, (0.0, 712.9431954931613))
(0, (0.0, 704.7950056576735))
(0, (0.0, 704.7950056576735))
(0, (0.0, 704.7950056576735))
(0, (0.0, 704.7950056576735))
(0, (0.0, 704.7950056576735))
(0, (0.0, 704.7950056576735))
(0, (0.0, 704.7950056576735))
(0, (0.0, 704.7950056576735))
(0, (0.0, 704.7950056576735))
(0, (0.0, 704.7950056576735))
(0, (0.0, 704.7950056576735))
(0, (0.0, 704.7950056576735))
(0, (0.0, 704.7950056576735))
(0, (0.0, 704.7950056576735))
(0, (0.0, 704.7950056576735))
(0, (0.0, 704.7950056576735))
(0, (0.0, 704.7950056576735))
(0, (0.0, 704.7950056576735))
(0, (0.0, 704.7950056576735))
(0, (0.0, 704.7950056576735))
(0, (0.0, 704.7950056576735))
(0, (0.0, 704.7950056576735))
(0, (0.0, 704.7950056576735))
(0, (0.0, 704.7950056576735))
(0, (0.0, 704.7950056576735))
(0, (0.0, 704.7950056576735))
(0, (0.0, 704.7950056576735))
(0, (0.0, 704.7950056576735))
(0, (0.0, 704.7950056576735))
(0, (0.0, 704.7950056576735))
(0, (0.0, 696.5515056332877))
(0, (0.0, 684.0))
(0, (0.0, 679.764665159936))
(0, (0.0, 644.8813844421313))
(0, (0.0, 631.3034135817737))
(0, (0.0, 626.7120550938844))
(0, (0.0, 588.6934686235273))
(0, (0.0, 588.6934686235273))
(0, (0.0, 456.0))
(0, (0.0, 339.882332579968))
(0, (0.0, 322.44069222106566))
(0, (0.0, 304.0))
