(1, (3.232934255828912, 3.7526183390501564))
(1, (21.555293424163793, 21.569885407927433))
(0, (0.0, inf))
(0, (0.0, 246.94566482177137))
(0, (0.0, 134.90221380661652))
(0, (0.0, 118.05040414857058))
(0, (0.0, 108.12057524270055))
(0, (0.0, 100.16883993711126))
(0, (0.0, 73.93367299856907))
(0, (0.0, 70.67524472294551))
(0, (0.0, 70.0685842698025))
(0, (0.0, 46.295263159344735))
(0, (0.0, 42.98275585407393))
(0, (0.0, 25.399529787289865))
(0, (0.0, 20.822955516917915))
(0, (0.0, 20.284503198216072))
(0, (0.0, 19.768578440098956))
(0, (0.0, 18.05494396131605))
(0, (0.0, 15.771752766507062))
(0, (0.0, 14.558907699272988))
(0, (0.0, 11.51141031111067))
(0, (0.0, 9.67368383089689))
(0, (0.0, 8.868206843023083))
(0, (0.0, 8.72202765380418))
(0, (0.0, 8.142185349690084))
(0, (0.0, 7.303894866268803))
(0, (0.0, 7.247600779637342))
(0, (0.0, 6.69532249874686))
(0, (0.0, 6.136922755834076))
(0, (0.0, 5.8124132936083255))
(0, (0.0, 5.751738727893306))
(0, (0.0, 5.360432601192943))
(0, (0.0, 5.337697043503202))
(0, (0.0, 5.171968639902603))
(0, (0.0, 4.776669670559209))
(0, (0.0, 4.746240064577423))
(0, (0.0, 4.120406722670179))
(0, (0.0, 3.577411055572236))
(0, (0.0, 3.2865307372481376))
(0, (0.0, 2.4808650206607332))
(0, (0.0, 2.3833430589091167))
(0, (0.0, 2.2494746994451655))
(0, (0.0, 2.210889858089845))
(0, (0.0, 1.4331006061300788))
(0, (0.0, 1.4014195831994083))
(0, (0.0, 1.4005591919382907))
(0, (0.0, 1.3438042729475286))
(0, (0.0, 1.24398141690876))
(0, (0.0, 1.0399974585546414))
(0, (0.0, 0.8710574840822063))
(0, (0.0, 0.839721458130254))
(0, (0.0, 0.3472790584136818))
