(1, (626.7120550938844, 786.1501128919336))
(1, (662.5526394181824, 793.4632946772018))
(1, (675.5027757159847, 793.4632946772018))
(1, (284.3659613948195, 304.0))
(1, (339.882332579968, 356.47159774658064))
(0, (0.0, inf))
(0, (0.0, 504.1269681340208))
(0, (0.0, 372.32244090304306))
(0, (0.0, 372.32244090304306))
(0, (0.0, 372.32244090304306))
(0, (0.0, 372.32244090304306))
(0, (0.0, 372.32244090304306))
(0, (0.0, 372.32244090304306))
(0, (0.0, 372.32244090304306))
(0, (0.0, 372.32244090304306))
(0, (0.0, 372.32244090304306))
(0, (0.0, 372.32244090304306))
(0, (0.0, 372.32244090304306))
(0, (0.0, 372.32244090304306))
(0, (0.0, 372.32244090304306))
(0, (0.0, 372.32244090304306))
(0, (0.0, 372.32244090304306))
(0, (0.0, 372.32244090304306))
(0, (0.0, 372.32244090304306))
(0, (0.0, 372.32244090304306))
(0, (0.0, 372.32244090304306))
(0, (0.0, 372.32244090304306))
(0, (0.0, 372.32244090304306))
(0, (0.0, 372.32244090304306))
(0, (0.0, 372.32244090304306))
(0, (0.0, 372.32244090304306))
(0, (0.0, 372.32244090304306))
(0, (0.0, 372.32244090304306))
(0, (0.0, 372.32244090304306))
(0, (0.0, 372.32244090304306))
(0, (0.0, 372.32244090304306))
(0, (0.0, 372.32244090304306))
(0, (0.0, 372.32244090304306))
(0, (0.0, 372.32244090304306))
(0, (0.0, 372.32244090304306))
(0, (0.0, 372.32244090304306))
(0, (0.0, 372.32244090304306))
(0, (0.0, 372.32244090304306))
(0, (0.0, 372.32244090304306))
(0, (0.0, 372.32244090304306))
(0, (0.0, 372.32244090304306))
(0, (0.0, 372.32244090304306))
(0, (0.0, 372.32244090304306))
(0, (0.0, 372.32244090304306))
(0, (0.0, 372.32244090304306))
(0, (0.0, 372.32244090304306))
(0, (0.0, 372.32244090304306))
(0, (0.0, 372.32244090304306))
(0, (0.0, 372.32244090304306))
(0, (0.0, 372.32244090304306))
(0, (0.0, 372.32244090304306))
(0, (0.0, 372.32244090304306))
(0, (0.0, 372.32244090304306))
(0, (0.0, 372.32244090304306))
(0, (0.0, 372.32244090304306))
(0, (0.0, 372.32244090304306))
(0, (0.0, 372.32244090304306))
(0, (0.0, 372.32244090304306))
(0, (0.0, 372.32244090304306))
(0, (0.0, 372.32244090304306))
(0, (0.0, 372.32244090304306))
(0, (0.0, 372.32244090304306))
(0, (0.0, 372.32244090304306))
(0, (0.0, 372.32244090304306))
(0, (0.0, 372.32244090304306))
(0, (0.0, 372.32244090304306))
(0, (0.0, 372.32244090304306))
(0, (0.0, 372.32244090304306))
(0, (0.0, 372.32244090304306))
(0, (0.0, 372.32244090304306))
(0, (0.0, 372.32244090304306))
(0, (0.0, 372.32244090304306))
(0, (0.0, 372.32244090304306))
(0, (0.0, 372.32244090304306))
(0, (0.0, 356.47159774658064))
(0, (0.0, 356.47159774658064))
(0, (0.0, 356.47159774658064))
(0, (0.0, 356.47159774658064))
(0, (0.0, 356.47159774658064))
(0, (0.0, 356.47159774658064))
(0, (0.0, 356.47159774658064))
(0, (0.0, 356.47159774658064))
(0, (0.0, 356.47159774658064))
(0, (0.0, 356.47159774658064))
(0, (0.0, 356.47159774658064))
(0, (0.0, 356.47159774658064))
(0, (0.0, 356.47159774658064))
(0, (0.0, 356.47159774658064))
(0, (0.0, 356.47159774658064))
(0, (0.0, 356.47159774658064))
(0, (0.0, 356.47159774658064))
(0, (0.0, 356.47159774658064))
(0, (0.0, 356.47159774658064))
(0, (0.0, 356.47159774658064))
(0, (0.0, 356.47159774658064))
(0, (0.0, 356.47159774658064))
(0, (0.0, 356.47159774658064))
(0, (0.0, 356.47159774658064))
(0, (0.0, 356.47159774658064))
(0, (0.0, 356.47159774658064))
(0, (0.0, 356.47159774658064))
(0, (0.0, 356.47159774658064))
(0, (0.0, 356.47159774658064))
(0, (0.0, 356.47159774658064))
(0, (0.0, 356.47159774658064))
(0, (0.0, 356.47159774658064))
(0, (0.0, 356.47159774658064))
(0, (0.0, 356.47159774658064))
(0, (0.0, 356.47159774658064))
(0, (0.0, 356.47159774658064))
(0, (0.0, 356.47159774658064))
(0, (0.0, 356.47159774658064))
(0, (0.0, 356.47159774658064))
(0, (0.0, 356.47159774658064))
(0, (0.0, 356.47159774658064))
(0, (0.0, 339.882332579968))
(0, (0.0, 339.882332579968))
(0, (0.0, 339.882332579968))
(0, (0.0, 339.882332579968))
(0, (0.0, 339.882332579968))
(0, (0.0, 339.882332579968))
(0, (0.0, 339.882332579968))
(0, (0.0, 339.882332579968))
(0, (0.0, 339.882332579968))
(0, (0.0, 339.882332579968))
(0, (0.0, 339.882332579968))
(0, (0.0, 339.882332579968))
(0, (0.0, 339.882332579968))
(0, (0.0, 339.882332579968))
(0, (0.0, 339.882332579968))
(0, (0.0, 339.882332579968))
(0, (0.0, 339.882332579968))
(0, (0.0, 339.882332579968))
(0, (0.0, 339.882332579968))
(0, (0.0, 339.882332579968))
(0, (0.0, 339.882332579968))
(0, (0.0, 339.882332579968))
(0, (0.0, 339.882332579968))
(0, (0.0, 339.882332579968))
(0, (0.0, 339.882332579968))
(0, (0.0, 339.882332579968))
(0, (0.0, 339.882332579968))
(0, (0.0, 339.882332579968))
(0, (0.0, 339.882332579968))
(0, (0.0, 339.882332579968))
(0, (0.0, 339.882332579968))
(0, (0.0, 339.882332579968))
(0, (0.0, 339.882332579968))
(0, (0.0, 339.882332579968))
(0, (0.0, 339.882332579968))
(0, (0.0, 339.882332579968))
(0, (0.0, 339.882332579968))
(0, (0.0, 339.882332579968))
(0, (0.0, 339.882332579968))
(0, (0.0, 339.882332579968))
(0, (0.0, 339.882332579968))
(0, (0.0, 339.882332579968))
(0, (0.0, 339.882332579968))
(0, (0.0, 339.882332579968))
(0, (0.0, 339.882332579968))
(0, (0.0, 339.882332579968))
(0, (0.0, 339.882332579968))
(0, (0.0, 339.882332579968))
(0, (0.0, 339.882332579968))
(0, (0.0, 339.882332579968))
(0, (0.0, 339.882332579968))
(0, (0.0, 339.882332579968))
(0, (0.0, 331.2763197090912))
(0, (0.0, 331.2763197090912))
(0, (0.0, 322.44069222106566))
(0, (0.0, 322.44069222106566))
(0, (0.0, 322.44069222106566))
(0, (0.0, 322.44069222106566))
(0, (0.0, 322.44069222106566))
(0, (0.0, 322.44069222106566))
(0, (0.0, 313.3560275469422))
(0, (0.0, 313.3560275469422))
(0, (0.0, 304.0))
(0, (0.0, 304.0))
(0, (0.0, 294.34673431176367))
(0, (0.0, 294.34673431176367))
(0, (0.0, 294.34673431176367))
(0, (0.0, 294.34673431176367))
(0, (0.0, 294.34673431176367))
(0, (0.0, 294.34673431176367))
(0, (0.0, 284.3659613948195))
(0, (0.0, 284.3659613948195))
(0, (0.0, 274.0218969352632))
(0, (0.0, 274.0218969352632))
(0, (0.0, 263.27172275046934))
(0, (0.0, 263.27172275046934))
(0, (0.0, 263.27172275046934))
(0, (0.0, 263.27172275046934))
(0, (0.0, 263.27172275046934))
(0, (0.0, 252.0634840670104))
(0, (0.0, 240.33310217279683))
(0, (0.0, 240.33310217279683))
(0, (0.0, 214.96046148071045))
(0, (0.0, 186.16122045152153))
