(1, (38.849788612119795, 40.131402618690075))
(0, (0.0, inf))
(0, (0.0, 4.800528226033657))
(0, (0.0, 4.800528226033657))
(0, (0.0, 4.5509759440993545))
(0, (0.0, 4.5509759440993545))
(0, (0.0, 4.502646770534482))
(0, (0.0, 4.453792174227171))
(0, (0.0, 4.3544384187407355))
(0, (0.0, 4.354437373206111))
(0, (0.0, 4.354437373206111))
(0, (0.0, 4.252763364434436))
(0, (0.0, 4.252763364434436))
(0, (0.0, 4.252763364434436))
(0, (0.0, 4.252763364434436))
(0, (0.0, 4.201004581018008))
(0, (0.0, 4.1836081514656795))
(0, (0.0, 4.1836081514656795))
(0, (0.0, 4.148599128960708))
(0, (0.0, 4.148598997271452))
(0, (0.0, 4.148598997271452))
(0, (0.0, 4.148598997271452))
(0, (0.0, 4.148598997271452))
(0, (0.0, 4.148598997271452))
(0, (0.0, 4.09552235116939))
(0, (0.0, 4.077677595310364))
(0, (0.0, 4.077677595310359))
(0, (0.0, 4.059753674194279))
(0, (0.0, 4.059753668587151))
(0, (0.0, 4.059753595694429))
(0, (0.0, 4.041750176660779))
(0, (0.0, 4.041750154132341))
(0, (0.0, 4.0236662382066335))
(0, (0.0, 4.023666204262107))
(0, (0.0, 4.023666204262107))
(0, (0.0, 4.023666204262107))
(0, (0.0, 4.023666204262107))
(0, (0.0, 4.023666204262107))
(0, (0.0, 3.987252210343386))
(0, (0.0, 3.9689198166665745))
(0, (0.0, 3.931998968366981))
(0, (0.0, 3.8947273190234495))
(0, (0.0, 3.857096776542307))
(0, (0.0, 3.8570962335823014))
(0, (0.0, 3.562214228690619))
(0, (0.0, 3.562214177568312))
(0, (0.0, 3.458337174248147))
(0, (0.0, 3.4371850755480495))
(0, (0.0, 3.4159020004025065))
(0, (0.0, 3.4159020004025065))
(0, (0.0, 3.4159020004025065))
(0, (0.0, 3.1493057376479134))
(0, (0.0, 3.1260632878841443))
(0, (0.0, 3.1026467885902282))
(0, (0.0, 3.055275365710339))
(0, (0.0, 2.933501955723639))
(0, (0.0, 2.883352942288128))
(0, (0.0, 2.8579484639484316))
(0, (0.0, 2.8579484639484316))
(0, (0.0, 2.8579484639484316))
(0, (0.0, 2.8323161291368577))
(0, (0.0, 2.80644992168266))
(0, (0.0, 2.80644992168266))
(0, (0.0, 2.7803426265365174))
(0, (0.0, 2.7273788857625134))
(0, (0.0, 2.7273788857625134))
(0, (0.0, 2.7005082194964736))
(0, (0.0, 2.645946198405015))
(0, (0.0, 2.645946198405015))
(0, (0.0, 2.590236498745022))
(0, (0.0, 2.5902362878276293))
(0, (0.0, 2.5902362526747287))
(0, (0.0, 2.5902358484163446))
(0, (0.0, 2.5902358484163446))
(0, (0.0, 2.5619266780085943))
(0, (0.0, 2.561926633581918))
(0, (0.0, 2.561926420333873))
(0, (0.0, 2.561926420333873))
(0, (0.0, 2.4750565932968134))
(0, (0.0, 2.4750565932968134))
(0, (0.0, 2.4750565932968134))
(0, (0.0, 2.4750565932968134))
(0, (0.0, 2.4750565932968134))
(0, (0.0, 2.354248399135176))
(0, (0.0, 2.354248399135176))
(0, (0.0, 2.3230649098777887))
(0, (0.0, 2.291456878185342))
(0, (0.0, 2.2914568583171295))
(0, (0.0, 2.226895760006057))
(0, (0.0, 2.193902863986431))
(0, (0.0, 2.126382174661524))
(0, (0.0, 2.091804532788193))
(0, (0.0, 2.0566455652117654))
(0, (0.0, 1.9095474720002037))
(0, (0.0, 1.9095474720002037))
(0, (0.0, 1.870966803715652))
(0, (0.0, 1.8315736812836723))
(0, (0.0, 1.8315736439983945))
(0, (0.0, 1.8315736439983945))
(0, (0.0, 1.7913143906565232))
(0, (0.0, 1.7913143906565232))
