(1, (2.013770282139679, 2.187821871116522))
(1, (1.0309917469948215, 1.1764565012643402))
(1, (1.1195466655574264, 1.2017474804908495))
(1, (1.1180313048360495, 1.1186177116015261))
(0, (0.0, inf))
(0, (0.0, 214.92023169682562))
(0, (0.0, 151.59859396792135))
(0, (0.0, 107.42220099457464))
(0, (0.0, 107.39309765949152))
(0, (0.0, 107.36153479115032))
(0, (0.0, 107.17599229752871))
(0, (0.0, 75.69569288004357))
(0, (0.0, 2.546422977118216))
(0, (0.0, 2.5060999546366474))
(0, (0.0, 2.324037691421179))
(0, (0.0, 2.1688908566703495))
(0, (0.0, 1.8515013586662166))
(0, (0.0, 1.7603998338422813))
(0, (0.0, 1.7095617131099201))
(0, (0.0, 1.605215915741313))
(0, (0.0, 1.588389722245119))
(0, (0.0, 1.2431638826731313))
(0, (0.0, 1.1013244331941074))
(0, (0.0, 1.0175680165855376))
(0, (0.0, 0.9938301297222066))
(0, (0.0, 0.9645584494923982))
(0, (0.0, 0.9332702099987951))
(0, (0.0, 0.8801190879674887))
(0, (0.0, 0.8316943395672107))
(0, (0.0, 0.8061696852659833))
(0, (0.0, 0.7729236412134595))
(0, (0.0, 0.7718180197119204))
(0, (0.0, 0.7467162093704321))
(0, (0.0, 0.7175916454592469))
(0, (0.0, 0.7123119860143098))
(0, (0.0, 0.7063628977308817))
(0, (0.0, 0.6867293720042766))
(0, (0.0, 0.6679644575557097))
(0, (0.0, 0.6245515561396486))
(0, (0.0, 0.6185382420974685))
(0, (0.0, 0.5699285634694222))
(0, (0.0, 0.5668149433193095))
(0, (0.0, 0.5593863090360208))
(0, (0.0, 0.5590100738935038))
(0, (0.0, 0.5414002621274828))
(0, (0.0, 0.531314393301309))
(0, (0.0, 0.5292138742090322))
(0, (0.0, 0.5236894709035564))
(0, (0.0, 0.5176759855630501))
(0, (0.0, 0.5166230159902777))
(0, (0.0, 0.5064617871727007))
(0, (0.0, 0.5000452654120442))
(0, (0.0, 0.494142826296309))
(0, (0.0, 0.4911534328324212))
(0, (0.0, 0.48217661691760455))
(0, (0.0, 0.4678469086376612))
(0, (0.0, 0.46723807676846973))
(0, (0.0, 0.4658055595119767))
(0, (0.0, 0.45776550096752205))
(0, (0.0, 0.45374660821235474))
(0, (0.0, 0.4533100186735989))
(0, (0.0, 0.4524081773406633))
(0, (0.0, 0.44817558576690175))
(0, (0.0, 0.4455167681212243))
(0, (0.0, 0.44521108091543976))
(0, (0.0, 0.4414984889517271))
(0, (0.0, 0.4407129256943679))
(0, (0.0, 0.44048821652810677))
(0, (0.0, 0.43922204605575565))
(0, (0.0, 0.4391938746214251))
(0, (0.0, 0.43913753053042454))
(0, (0.0, 0.43891200390702684))
(0, (0.0, 0.43865816959520537))
(0, (0.0, 0.437867510805554))
(0, (0.0, 0.4374150080633528))
(0, (0.0, 0.43693377471933725))
(0, (0.0, 0.43463342595648613))
(0, (0.0, 0.42306112343551056))
(0, (0.0, 0.4126055191777176))
(0, (0.0, 0.3974796612245523))
(0, (0.0, 0.3827937131988112))
(0, (0.0, 0.3638309381128488))
(0, (0.0, 0.3357748210343634))
(0, (0.0, 0.31125358080997434))
(0, (0.0, 0.26165558832927843))
(0, (0.0, 0.2253681911267373))
(0, (0.0, 0.21560147279300731))
(0, (0.0, 0.1895777032247987))
(0, (0.0, 0.12954444178865002))
(0, (0.0, 0.11950658619589025))
(0, (0.0, 0.11888360574674867))
(0, (0.0, 0.07594198522955962))
(0, (0.0, 0.048491515795246354))
(0, (0.0, 0.046670807556938865))
(0, (0.0, 0.04365653875496911))
(0, (0.0, 0.024875621311366558))
(0, (0.0, 0.008617177674823269))
(0, (0.0, 0.00703590006000739))
