(1, (1.975863577901943, 2.182220183169878))
(1, (1.1143056533082045, 1.1936878078022537))
(1, (1.1345684347559555, 1.1411811685541235))
(0, (0.0, inf))
(0, (0.0, 83.25794178916857))
(0, (0.0, 39.716762240478786))
(0, (0.0, 19.586187724109706))
(0, (0.0, 19.13584634925007))
(0, (0.0, 18.752765135037063))
(0, (0.0, 18.645424981627727))
(0, (0.0, 12.62765325902272))
(0, (0.0, 2.7751071329546924))
(0, (0.0, 2.6895828131564077))
(0, (0.0, 2.4856023481108225))
(0, (0.0, 2.3646760083590634))
(0, (0.0, 1.8763741473039977))
(0, (0.0, 1.7560639406023666))
(0, (0.0, 1.7005541033693303))
(0, (0.0, 1.602322157089856))
(0, (0.0, 1.409927697348802))
(0, (0.0, 1.2299729522999951))
(0, (0.0, 1.0918323468821765))
(0, (0.0, 1.0839721606860322))
(0, (0.0, 1.0423686969398946))
(0, (0.0, 1.0175923632295245))
(0, (0.0, 0.9985881511925881))
(0, (0.0, 0.8664434290235692))
(0, (0.0, 0.8363388168293492))
(0, (0.0, 0.8339382884026694))
(0, (0.0, 0.8256757839244191))
(0, (0.0, 0.7829461139945744))
(0, (0.0, 0.7483387574593614))
(0, (0.0, 0.7479259661896649))
(0, (0.0, 0.7469980224450243))
(0, (0.0, 0.7256693348964743))
(0, (0.0, 0.7111992361933352))
(0, (0.0, 0.6680946442110087))
(0, (0.0, 0.6639881000064171))
(0, (0.0, 0.6619539645042489))
(0, (0.0, 0.6593115078244411))
(0, (0.0, 0.6468044404357355))
(0, (0.0, 0.6171561095695394))
(0, (0.0, 0.6035094364527172))
(0, (0.0, 0.5842965248917433))
(0, (0.0, 0.5658971470684268))
(0, (0.0, 0.5595190803960501))
(0, (0.0, 0.5420374643591505))
(0, (0.0, 0.5253175432857524))
(0, (0.0, 0.5216531042652501))
(0, (0.0, 0.516191621514694))
(0, (0.0, 0.5057036935350456))
(0, (0.0, 0.5034717701377435))
(0, (0.0, 0.49887872021215296))
(0, (0.0, 0.48654584041318916))
(0, (0.0, 0.4704584426516268))
(0, (0.0, 0.4692468431022838))
(0, (0.0, 0.4651142689209311))
(0, (0.0, 0.4629539641943371))
(0, (0.0, 0.45366478790740694))
(0, (0.0, 0.451997658954129))
(0, (0.0, 0.4452666838063505))
(0, (0.0, 0.44326095752360545))
(0, (0.0, 0.4416666471894251))
(0, (0.0, 0.44158258096997727))
(0, (0.0, 0.43933476462614424))
(0, (0.0, 0.4388556284520373))
(0, (0.0, 0.43817827119738706))
(0, (0.0, 0.4376413180980486))
(0, (0.0, 0.4374150034872685))
(0, (0.0, 0.43730184846240183))
(0, (0.0, 0.437273537424658))
(0, (0.0, 0.4372169150211342))
(0, (0.0, 0.43721690789955625))
(0, (0.0, 0.43701871999401454))
(0, (0.0, 0.4367354474445804))
(0, (0.0, 0.4364519869754484))
(0, (0.0, 0.435770912045196))
(0, (0.0, 0.4342061095091063))
(0, (0.0, 0.43292160827992743))
(0, (0.0, 0.40607500482443526))
(0, (0.0, 0.3793185877934838))
(0, (0.0, 0.3368787433343216))
(0, (0.0, 0.3055147715167302))
(0, (0.0, 0.26620401994142023))
(0, (0.0, 0.20723049711146585))
(0, (0.0, 0.1978198484490606))
(0, (0.0, 0.18721282047941987))
(0, (0.0, 0.1320049639525381))
(0, (0.0, 0.12829648845710986))
(0, (0.0, 0.11388579467330649))
(0, (0.0, 0.08037560673444978))
(0, (0.0, 0.052416188195879))
(0, (0.0, 0.05024628560076728))
(0, (0.0, 0.024373031699020404))
(0, (0.0, 0.008617167996226005))
(0, (0.0, 0.007035877669492269))
(0, (0.0, 0.004975125193595886))
