(1, (684.0, 818.5450506844446))
(0, (0.0, inf))
(0, (0.0, 356.47159774658064))
(0, (0.0, 356.47159774658064))
(0, (0.0, 356.47159774658064))
(0, (0.0, 356.47159774658064))
(0, (0.0, 356.47159774658064))
(0, (0.0, 356.47159774658064))
(0, (0.0, 356.47159774658064))
(0, (0.0, 356.47159774658064))
(0, (0.0, 356.47159774658064))
(0, (0.0, 356.47159774658064))
(0, (0.0, 356.47159774658064))
(0, (0.0, 356.47159774658064))
(0, (0.0, 356.47159774658064))
(0, (0.0, 356.47159774658064))
(0, (0.0, 356.47159774658064))
(0, (0.0, 356.47159774658064))
(0, (0.0, 356.47159774658064))
(0, (0.0, 356.47159774658064))
(0, (0.0, 356.47159774658064))
(0, (0.0, 356.47159774658064))
(0, (0.0, 356.47159774658064))
(0, (0.0, 356.47159774658064))
(0, (0.0, 356.47159774658064))
(0, (0.0, 356.47159774658064))
(0, (0.0, 356.47159774658064))
(0, (0.0, 356.47159774658064))
(0, (0.0, 356.47159774658064))
(0, (0.0, 356.47159774658064))
(0, (0.0, 356.47159774658064))
(0, (0.0, 356.47159774658064))
(0, (0.0, 356.47159774658064))
(0, (0.0, 356.47159774658064))
(0, (0.0, 356.47159774658064))
(0, (0.0, 356.47159774658064))
(0, (0.0, 356.47159774658064))
(0, (0.0, 356.47159774658064))
(0, (0.0, 356.47159774658064))
(0, (0.0, 356.47159774658064))
(0, (0.0, 356.47159774658064))
(0, (0.0, 356.47159774658064))
(0, (0.0, 356.47159774658064))
(0, (0.0, 356.47159774658064))
(0, (0.0, 356.47159774658064))
(0, (0.0, 356.47159774658064))
(0, (0.0, 356.47159774658064))
(0, (0.0, 356.47159774658064))
(0, (0.0, 356.47159774658064))
(0, (0.0, 356.47159774658064))
(0, (0.0, 356.47159774658064))
(0, (0.0, 356.47159774658064))
(0, (0.0, 356.47159774658064))
(0, (0.0, 356.47159774658064))
(0, (0.0, 356.47159774658064))
(0, (0.0, 356.47159774658064))
(0, (0.0, 356.47159774658064))
(0, (0.0, 356.47159774658064))
(0, (0.0, 356.47159774658064))
(0, (0.0, 356.47159774658064))
(0, (0.0, 356.47159774658064))
(0, (0.0, 356.47159774658064))
(0, (0.0, 356.47159774658064))
(0, (0.0, 356.47159774658064))
(0, (0.0, 356.47159774658064))
(0, (0.0, 356.47159774658064))
(0, (0.0, 356.47159774658064))
(0, (0.0, 356.47159774658064))
(0, (0.0, 356.47159774658064))
(0, (0.0, 356.47159774658064))
(0, (0.0, 356.47159774658064))
(0, (0.0, 356.47159774658064))
(0, (0.0, 356.47159774658064))
(0, (0.0, 356.47159774658064))
(0, (0.0, 356.47159774658064))
(0, (0.0, 356.47159774658064))
(0, (0.0, 356.47159774658064))
(0, (0.0, 356.47159774658064))
(0, (0.0, 356.47159774658064))
(0, (0.0, 356.47159774658064))
(0, (0.0, 356.47159774658064))
(0, (0.0, 356.47159774658064))
(0, (0.0, 356.47159774658064))
(0, (0.0, 356.47159774658064))
(0, (0.0, 356.47159774658064))
(0, (0.0, 356.47159774658064))
(0, (0.0, 356.47159774658064))
(0, (0.0, 356.47159774658064))
(0, (0.0, 356.47159774658064))
(0, (0.0, 356.47159774658064))
(0, (0.0, 356.47159774658064))
(0, (0.0, 348.27575281664383))
(0, (0.0, 348.27575281664383))
(0, (0.0, 339.882332579968))
(0, (0.0, 294.34673431176367))
(0, (0.0, 294.34673431176367))
(0, (0.0, 274.0218969352632))
(0, (0.0, 274.0218969352632))
(0, (0.0, 274.0218969352632))
(0, (0.0, 274.0218969352632))
(0, (0.0, 274.0218969352632))
