(1, (120.72463649769901, 366.6439017920953))
(0, (0.0, inf))
(0, (0.0, 105.40993036783287))
(0, (0.0, 105.1724437149127))
(0, (0.0, 105.11536417512673))
(0, (0.0, 103.98150731522145))
(0, (0.0, 103.52055989864108))
(0, (0.0, 97.33222362727652))
(0, (0.0, 97.33221892864343))
(0, (0.0, 97.25315943639636))
(0, (0.0, 93.45914729740835))
(0, (0.0, 92.80788018914706))
(0, (0.0, 84.00974816076696))
(0, (0.0, 80.8727965831707))
(0, (0.0, 79.87468827834265))
(0, (0.0, 79.7687947548911))
(0, (0.0, 72.96635005821418))
(0, (0.0, 72.77734783155627))
(0, (0.0, 72.18053386017326))
(0, (0.0, 70.19565758324576))
(0, (0.0, 56.59892262398545))
(0, (0.0, 54.36947551448325))
(0, (0.0, 49.49479458911727))
(0, (0.0, 47.02276331735425))
(0, (0.0, 38.57210153842315))
(0, (0.0, 37.849219992509425))
(0, (0.0, 8.907610404216268e-13))
(0, (0.0, 6.259232221039281e-13))
(0, (0.0, 6.022452254347028e-13))
(0, (0.0, 5.831647208845877e-13))
(0, (0.0, 4.556346636343676e-13))
(0, (0.0, 4.5341312595450677e-13))
(0, (0.0, 4.0194366942304643e-13))
(0, (0.0, 3.2405734631855066e-13))
(0, (0.0, 3.011226127173514e-13))
(0, (0.0, 2.898457019905882e-13))
(0, (0.0, 2.2914314707516465e-13))
(0, (0.0, 2.21980646867526e-13))
(0, (0.0, 2.0691316789454157e-13))
(0, (0.0, 1.8758866506294801e-13))
(0, (0.0, 1.657256204579568e-13))
(0, (0.0, 1.4210854715202004e-13))
(0, (0.0, 1.2710574864626038e-13))
(0, (0.0, 1.191086668529821e-13))
(0, (0.0, 1.1718571004216928e-13))
(0, (0.0, 9.947598300641403e-14))
(0, (0.0, 9.947598300641403e-14))
(0, (0.0, 8.526512829121202e-14))
(0, (0.0, 7.105427357601002e-14))
(0, (0.0, 6.355287432313019e-14))
(0, (0.0, 4.4938668397781776e-14))
