(1, (47.047772251667, 65.57731115252307))
(0, (0.0, inf))
(0, (0.0, 9.781654260579556))
(0, (0.0, 9.67671519243742))
(0, (0.0, 9.385962951307066))
(0, (0.0, 9.323597073317659))
(0, (0.0, 8.658487074882576))
(0, (0.0, 8.471162295305755))
(0, (0.0, 8.471162295305755))
(0, (0.0, 8.453926963191545))
(0, (0.0, 8.453926963191545))
(0, (0.0, 8.436656420913693))
(0, (0.0, 8.436656420913693))
(0, (0.0, 8.436656420913693))
(0, (0.0, 8.436656420913693))
(0, (0.0, 8.410682684809633))
(0, (0.0, 8.402008836919812))
(0, (0.0, 8.402008728547724))
(0, (0.0, 8.402008728547724))
(0, (0.0, 8.402008728547724))
(0, (0.0, 8.393324476677538))
(0, (0.0, 8.384631355119065))
(0, (0.0, 8.332281461757479))
(0, (0.0, 8.332281461757479))
(0, (0.0, 8.332281461757479))
(0, (0.0, 8.332281461757479))
(0, (0.0, 8.332281461757479))
(0, (0.0, 8.332281461757479))
(0, (0.0, 7.647731221733655))
(0, (0.0, 6.9272100833450425))
(0, (0.0, 6.735046540879688))
(0, (0.0, 6.65881899126167))
(0, (0.0, 6.570618861314042))
(0, (0.0, 6.537236885559537))
(0, (0.0, 6.458675138795245))
(0, (0.0, 6.458674997815366))
(0, (0.0, 6.401969283932074))
(0, (0.0, 6.333252095812334))
(0, (0.0, 6.263781086996326))
(0, (0.0, 6.146251216193685))
(0, (0.0, 6.1343745456592735))
(0, (0.0, 6.134374397226334))
(0, (0.0, 6.122474687511253))
(0, (0.0, 6.122474538789813))
(0, (0.0, 6.086635374037147))
(0, (0.0, 6.086635374037147))
(0, (0.0, 6.06262489702666))
(0, (0.0, 6.06262489702666))
(0, (0.0, 6.06262489702666))
(0, (0.0, 6.03851894984314))
(0, (0.0, 5.953379522346938))
(0, (0.0, 5.928829412511972))
(0, (0.0, 5.891812446184775))
(0, (0.0, 5.891812446184775))
(0, (0.0, 5.842091648729264))
(0, (0.0, 5.62587932469728))
(0, (0.0, 5.250387304509109))
(0, (0.0, 4.420922900732274))
(0, (0.0, 3.741933923766576))
(0, (0.0, 2.9085360982756883))
(0, (0.0, 1.3769944623608101))
(0, (0.0, 1.0802033282595347))
(0, (0.0, 0.3819095492362976))
