(1, (684.0, 807.8910817678334))
(1, (704.7950056576735, 807.8910817678334))
(0, (0.0, inf))
(0, (0.0, 578.798756045657))
(0, (0.0, 578.798756045657))
(0, (0.0, 578.798756045657))
(0, (0.0, 578.798756045657))
(0, (0.0, 578.798756045657))
(0, (0.0, 568.731922789639))
(0, (0.0, 568.731922789639))
(0, (0.0, 568.731922789639))
(0, (0.0, 568.731922789639))
(0, (0.0, 568.731922789639))
(0, (0.0, 568.731922789639))
(0, (0.0, 568.731922789639))
(0, (0.0, 568.731922789639))
(0, (0.0, 568.731922789639))
(0, (0.0, 568.731922789639))
(0, (0.0, 568.731922789639))
(0, (0.0, 568.731922789639))
(0, (0.0, 568.731922789639))
(0, (0.0, 568.731922789639))
(0, (0.0, 568.731922789639))
(0, (0.0, 568.731922789639))
(0, (0.0, 568.731922789639))
(0, (0.0, 568.731922789639))
(0, (0.0, 568.731922789639))
(0, (0.0, 568.731922789639))
(0, (0.0, 568.731922789639))
(0, (0.0, 568.731922789639))
(0, (0.0, 568.731922789639))
(0, (0.0, 568.731922789639))
(0, (0.0, 568.731922789639))
(0, (0.0, 568.731922789639))
(0, (0.0, 568.731922789639))
(0, (0.0, 568.731922789639))
(0, (0.0, 568.731922789639))
(0, (0.0, 568.731922789639))
(0, (0.0, 568.731922789639))
(0, (0.0, 568.731922789639))
(0, (0.0, 568.731922789639))
(0, (0.0, 568.731922789639))
(0, (0.0, 553.2883515853193))
(0, (0.0, 548.0437938705264))
(0, (0.0, 548.0437938705264))
(0, (0.0, 515.4570787175204))
(0, (0.0, 504.1269681340208))
(0, (0.0, 480.66620434559366))
(0, (0.0, 480.66620434559366))
(0, (0.0, 462.2899523026647))
(0, (0.0, 462.2899523026647))
(0, (0.0, 416.26914370392626))
