(1, (59.01977922766438, 226.82117297468986))
(1, (189.19133007361964, 221.88076588171637))
(1, (220.74536999231043, 223.10841253108612))
(1, (53.39363639400792, 55.26640613526613))
(0, (0.0, inf))
(0, (0.0, 57.79107613027829))
(0, (0.0, 54.45114030731897))
(0, (0.0, 53.615491283302084))
(0, (0.0, 52.291085490706905))
(0, (0.0, 50.825030793660645))
(0, (0.0, 50.594381220991615))
(0, (0.0, 50.34068411775731))
(0, (0.0, 50.117114622962134))
(0, (0.0, 48.606397924240206))
(0, (0.0, 46.49653990687138))
(0, (0.0, 45.33691240915989))
(0, (0.0, 45.32424788902907))
(0, (0.0, 45.00002087279378))
(0, (0.0, 43.62215988667917))
(0, (0.0, 43.36377939455831))
(0, (0.0, 41.52723577288998))
(0, (0.0, 39.68128277040845))
(0, (0.0, 39.6765326824664))
(0, (0.0, 39.292651017629545))
(0, (0.0, 38.94292896870902))
(0, (0.0, 38.48924549117873))
(0, (0.0, 38.15938669273196))
(0, (0.0, 37.01577295506205))
(0, (0.0, 36.577147080740794))
(0, (0.0, 35.919048194248205))
(0, (0.0, 35.20313955528584))
(0, (0.0, 33.89478015777095))
(0, (0.0, 33.54509422502969))
(0, (0.0, 32.575883791318276))
(0, (0.0, 31.789095084044565))
(0, (0.0, 31.55938044082029))
(0, (0.0, 30.627351276318862))
(0, (0.0, 30.235480074479977))
(0, (0.0, 29.50339153537528))
(0, (0.0, 29.00052882169582))
(0, (0.0, 27.82513361839585))
(0, (0.0, 27.124947127802553))
(0, (0.0, 26.930656752822447))
(0, (0.0, 26.42497070151433))
(0, (0.0, 25.979415744475244))
(0, (0.0, 25.73599883019855))
(0, (0.0, 24.806716309261745))
(0, (0.0, 24.44048773478063))
(0, (0.0, 23.546990776441163))
(0, (0.0, 23.32004650309022))
(0, (0.0, 22.48853901295368))
(0, (0.0, 21.976887086370066))
(0, (0.0, 18.72471498679163))
(0, (0.0, 14.133588668250171))
