(1, (608.0, 744.6448818060861))
(1, (720.9993065183905, 744.6448818060861))
(1, (736.847338327282, 744.6448818060861))
(1, (736.847338327282, 744.6448818060861))
(1, (736.847338327282, 740.7563702054813))
(1, (736.847338327282, 740.7563702054813))
(0, (0.0, inf))
(0, (0.0, 578.798756045657))
(0, (0.0, 578.798756045657))
(0, (0.0, 578.798756045657))
(0, (0.0, 578.798756045657))
(0, (0.0, 578.798756045657))
(0, (0.0, 578.798756045657))
(0, (0.0, 578.798756045657))
(0, (0.0, 578.798756045657))
(0, (0.0, 578.798756045657))
(0, (0.0, 578.798756045657))
(0, (0.0, 578.798756045657))
(0, (0.0, 578.798756045657))
(0, (0.0, 578.798756045657))
(0, (0.0, 578.798756045657))
(0, (0.0, 578.798756045657))
(0, (0.0, 573.787417080577))
(0, (0.0, 573.787417080577))
(0, (0.0, 573.787417080577))
(0, (0.0, 573.787417080577))
(0, (0.0, 568.731922789639))
(0, (0.0, 568.731922789639))
(0, (0.0, 568.731922789639))
(0, (0.0, 568.731922789639))
(0, (0.0, 568.731922789639))
(0, (0.0, 568.731922789639))
(0, (0.0, 568.731922789639))
(0, (0.0, 568.731922789639))
(0, (0.0, 568.731922789639))
(0, (0.0, 568.731922789639))
(0, (0.0, 568.731922789639))
(0, (0.0, 568.731922789639))
(0, (0.0, 568.731922789639))
(0, (0.0, 568.731922789639))
(0, (0.0, 568.731922789639))
(0, (0.0, 568.731922789639))
(0, (0.0, 568.731922789639))
(0, (0.0, 568.731922789639))
(0, (0.0, 568.731922789639))
(0, (0.0, 568.731922789639))
(0, (0.0, 568.731922789639))
(0, (0.0, 568.731922789639))
(0, (0.0, 568.731922789639))
(0, (0.0, 568.731922789639))
(0, (0.0, 526.5434455009387))
(0, (0.0, 486.6374420448965))
(0, (0.0, 423.15009157508166))
(0, (0.0, 402.1541992818178))
(0, (0.0, 372.32244090304306))
(0, (0.0, 356.47159774658064))
