(2, (241.52757523311251, 241.98525369392777))
(1, (65.74861003246212, 248.90719758581682))
(1, (141.6037202453345, 236.04174675025465))
(0, (0.0, inf))
(0, (0.0, 65.29391484618941))
(0, (0.0, 64.33547259889774))
(0, (0.0, 62.29285656427924))
(0, (0.0, 54.200716475270724))
(0, (0.0, 53.59989695441799))
(0, (0.0, 53.131900473260316))
(0, (0.0, 52.05433525769343))
(0, (0.0, 51.1286169541886))
(0, (0.0, 50.62140639386629))
(0, (0.0, 50.586847134268744))
(0, (0.0, 50.33248010417854))
(0, (0.0, 50.01304478882732))
(0, (0.0, 49.54876917863221))
(0, (0.0, 49.34263085760414))
(0, (0.0, 45.80681481277642))
(0, (0.0, 43.34933731090518))
(0, (0.0, 43.0391488918102))
(0, (0.0, 42.849218328940246))
(0, (0.0, 41.80231351319266))
(0, (0.0, 41.626088531948554))
(0, (0.0, 40.450015852260854))
(0, (0.0, 39.09860182340329))
(0, (0.0, 39.067301776140575))
(0, (0.0, 38.64350542315153))
(0, (0.0, 38.529073351052105))
(0, (0.0, 38.190559382741064))
(0, (0.0, 36.51829613827591))
(0, (0.0, 35.667111148873225))
(0, (0.0, 35.19523701996392))
(0, (0.0, 34.44193382541471))
(0, (0.0, 34.30451055344354))
(0, (0.0, 33.88018553165882))
(0, (0.0, 32.15348478933758))
(0, (0.0, 31.686786964190112))
(0, (0.0, 31.447483187171393))
(0, (0.0, 31.277647728930127))
(0, (0.0, 30.777095847714726))
(0, (0.0, 30.716472270348348))
(0, (0.0, 29.66552584052651))
(0, (0.0, 29.609079835936864))
(0, (0.0, 28.868243247313348))
(0, (0.0, 27.249790981506145))
(0, (0.0, 27.11821858299789))
(0, (0.0, 26.654639104525426))
(0, (0.0, 26.642625566832784))
(0, (0.0, 23.37318048009615))
(0, (0.0, 22.91012615750399))
(0, (0.0, 21.54888320576758))
(0, (0.0, 18.45521594010075))
