(1, (40.374619412195614, 58.27215677109589))
(1, (55.10856883099204, 56.35316616004902))
(0, (0.0, inf))
(0, (0.0, 7.3627788190446095))
(0, (0.0, 6.814072951680622))
(0, (0.0, 6.786680113750344))
(0, (0.0, 6.783884071218249))
(0, (0.0, 6.75703559713554))
(0, (0.0, 6.73868359797054))
(0, (0.0, 6.720683815104755))
(0, (0.0, 6.6884300027329235))
(0, (0.0, 6.683090432136087))
(0, (0.0, 6.682574901990799))
(0, (0.0, 6.666541622183872))
(0, (0.0, 6.6349377519076205))
(0, (0.0, 6.629099928208149))
(0, (0.0, 6.628979000478489))
(0, (0.0, 6.609452221675501))
(0, (0.0, 6.60934292993464))
(0, (0.0, 6.59783034579193))
(0, (0.0, 6.590305941573067))
(0, (0.0, 6.5902744489443))
(0, (0.0, 6.58695873602172))
(0, (0.0, 6.586690428888189))
(0, (0.0, 6.55157679741456))
(0, (0.0, 6.549918068521449))
(0, (0.0, 6.540479486000596))
(0, (0.0, 6.530981157887519))
(0, (0.0, 6.5279052120618255))
(0, (0.0, 6.523474753393512))
(0, (0.0, 6.496446735568585))
(0, (0.0, 6.496271470946632))
(0, (0.0, 6.486706802872463))
(0, (0.0, 6.481497857311489))
(0, (0.0, 6.471644022904787))
(0, (0.0, 6.455903419551264))
(0, (0.0, 6.450379880607546))
(0, (0.0, 6.448921954257855))
(0, (0.0, 6.43983980316215))
(0, (0.0, 6.439588031320649))
(0, (0.0, 6.422985085197618))
(0, (0.0, 6.41350625743946))
(0, (0.0, 6.401395756518526))
(0, (0.0, 6.400877221576458))
(0, (0.0, 6.39678881274011))
(0, (0.0, 6.394996925168986))
(0, (0.0, 6.383518487200939))
(0, (0.0, 6.3621587509178))
(0, (0.0, 6.290176259795807))
(0, (0.0, 6.285442724564116))
(0, (0.0, 6.273611244771885))
(0, (0.0, 6.264957656155298))
(0, (0.0, 6.241631779333696))
(0, (0.0, 6.2271503163429545))
(0, (0.0, 6.220419245391327))
(0, (0.0, 6.208105924848985))
(0, (0.0, 6.187632266700116))
(0, (0.0, 6.183953375311775))
(0, (0.0, 6.159910674326872))
(0, (0.0, 6.147542551635057))
(0, (0.0, 6.142150507172276))
(0, (0.0, 6.1391655136724665))
(0, (0.0, 6.132661128248013))
(0, (0.0, 6.113087509260111))
(0, (0.0, 6.0924917591238295))
(0, (0.0, 6.049871579177791))
(0, (0.0, 6.042965446334724))
(0, (0.0, 6.025595801397466))
(0, (0.0, 6.000690338719871))
(0, (0.0, 5.998483613941466))
(0, (0.0, 5.962087575517453))
(0, (0.0, 5.906374946879547))
(0, (0.0, 5.862560201286276))
(0, (0.0, 5.795361873636155))
(0, (0.0, 5.732964536185982))
(0, (0.0, 5.7296148728093526))
(0, (0.0, 5.6863732450799604))
(0, (0.0, 5.494304744342124))
(0, (0.0, 5.335093602104588))
(0, (0.0, 5.2415474589391575))
(0, (0.0, 5.177818387406571))
(0, (0.0, 5.172269982646742))
(0, (0.0, 5.158407285257978))
(0, (0.0, 4.958693796849262))
(0, (0.0, 4.784820169337866))
(0, (0.0, 4.7739544355689025))
(0, (0.0, 4.710803963080147))
(0, (0.0, 4.707784818148411))
(0, (0.0, 4.68726074915486))
(0, (0.0, 4.634711669712976))
(0, (0.0, 4.62549811538587))
(0, (0.0, 4.609371036099218))
(0, (0.0, 4.60880986716235))
(0, (0.0, 4.608374890137882))
(0, (0.0, 4.564157151528231))
(0, (0.0, 4.5450854914689565))
(0, (0.0, 4.540797841293823))
(0, (0.0, 4.537212567878857))
(0, (0.0, 4.521886740401606))
(0, (0.0, 4.483207876178435))
(0, (0.0, 4.447462752314123))
(0, (0.0, 4.211138630049079))
