(1, (3223.9004327057, 4372.561263150009))
(1, (1582.4547386892302, 1711.8869705678585))
(0, (0.0, inf))
(0, (0.0, 3206.593675537953))
(0, (0.0, 3084.9395455989084))
(0, (0.0, 3075.665781582908))
(0, (0.0, 3024.2202300758454))
(0, (0.0, 2984.2893626456535))
(0, (0.0, 2804.2555161753717))
(0, (0.0, 2786.059044600455))
(0, (0.0, 2762.918384607117))
(0, (0.0, 2738.005113216555))
(0, (0.0, 2553.9418552504285))
(0, (0.0, 2521.091033659832))
(0, (0.0, 2520.809988872624))
(0, (0.0, 2013.3993642593612))
(0, (0.0, 1762.0749132769583))
(0, (0.0, 1564.0879131302052))
(0, (0.0, 1550.4022058807836))
(0, (0.0, 1502.511896791503))
(0, (0.0, 1466.9567137444785))
(0, (0.0, 1463.143875358811))
(0, (0.0, 1430.6449594501075))
(0, (0.0, 1326.1930477875383))
(0, (0.0, 1256.935161414462))
(0, (0.0, 1181.741511499025))
(0, (0.0, 1049.2487788889725))
(0, (0.0, 986.2732886984215))
(0, (0.0, 937.9434950997847))
(0, (0.0, 841.2847318238933))
(0, (0.0, 840.2826905274201))
(0, (0.0, 813.433463781765))
(0, (0.0, 810.6059461908727))
(0, (0.0, 803.9185282104152))
(0, (0.0, 799.6299143979045))
(0, (0.0, 788.6900531894643))
(0, (0.0, 783.0051085401678))
(0, (0.0, 749.8486513957333))
(0, (0.0, 741.2752525209512))
(0, (0.0, 733.9891007365164))
(0, (0.0, 684.9116731374929))
(0, (0.0, 673.2042780612732))
(0, (0.0, 660.0659058003223))
(0, (0.0, 645.4037496017512))
(0, (0.0, 644.226668184421))
(0, (0.0, 632.1218237017292))
(0, (0.0, 612.8996655244641))
(0, (0.0, 589.1723007745696))
(0, (0.0, 579.347909291127))
(0, (0.0, 540.1203569575952))
(0, (0.0, 537.5081394732549))
(0, (0.0, 531.0913292457334))
(0, (0.0, 527.7802573041171))
(0, (0.0, 463.5234621893481))
(0, (0.0, 460.5377291818771))
(0, (0.0, 435.9334811642712))
(0, (0.0, 405.6883039970465))
(0, (0.0, 405.6316062636145))
(0, (0.0, 365.42988383546304))
(0, (0.0, 358.9206040338169))
(0, (0.0, 358.2429343336725))
(0, (0.0, 346.7535147622876))
(0, (0.0, 329.1716877254178))
(0, (0.0, 323.48261158832014))
(0, (0.0, 313.0718767312069))
(0, (0.0, 294.1853157450249))
(0, (0.0, 264.1685068285014))
(0, (0.0, 263.81432864800956))
(0, (0.0, 233.52301813739905))
(0, (0.0, 205.22670391545054))
(0, (0.0, 168.60901518009052))
(0, (0.0, 101.67103815738285))
(0, (0.0, 67.22350779303324))
