(0, (0.0, inf))
(0, (0.0, 468.70427896076717))
(0, (0.0, 336.7110214625811))
(0, (0.0, 224.07587885231428))
(0, (0.0, 191.77745830190457))
(0, (0.0, 170.8407935895284))
(0, (0.0, 136.38563418831055))
(0, (0.0, 131.29369825939997))
(0, (0.0, 120.38774146168168))
(0, (0.0, 118.93374433324807))
(0, (0.0, 117.98147119932769))
(0, (0.0, 116.78819851739865))
(0, (0.0, 100.73839061143228))
(0, (0.0, 98.05053091084389))
(0, (0.0, 85.52989312447573))
(0, (0.0, 79.64478026624914))
(0, (0.0, 78.90255493616722))
(0, (0.0, 77.28271187285677))
(0, (0.0, 76.74452992604397))
(0, (0.0, 75.29773332176443))
(0, (0.0, 74.7782113517697))
(0, (0.0, 73.40490400463213))
(0, (0.0, 68.42842759581457))
(0, (0.0, 67.061899254366))
(0, (0.0, 66.11973909430662))
(0, (0.0, 63.17816939011936))
(0, (0.0, 63.15554516455187))
(0, (0.0, 62.33131540932608))
(0, (0.0, 61.32985423767048))
(0, (0.0, 57.46919233254855))
(0, (0.0, 57.065008820309316))
(0, (0.0, 56.44805636757027))
(0, (0.0, 55.92705306111404))
(0, (0.0, 54.0170975993562))
(0, (0.0, 53.73425261174495))
(0, (0.0, 50.662684341818085))
(0, (0.0, 48.99950629789845))
(0, (0.0, 48.87072900194331))
(0, (0.0, 48.78057367120194))
(0, (0.0, 48.08878111028974))
(0, (0.0, 46.35110978611212))
(0, (0.0, 43.89119032389779))
(0, (0.0, 43.87175202959081))
(0, (0.0, 43.65652242736205))
(0, (0.0, 42.68708525653736))
(0, (0.0, 39.608132866528216))
(0, (0.0, 36.78593267449227))
(0, (0.0, 32.3040555418634))
(0, (0.0, 32.28193554207037))
(0, (0.0, 31.88832528591528))
(0, (0.0, 31.053605812243866))
(0, (0.0, 29.37564971030791))
(0, (0.0, 27.7222235875173))
(0, (0.0, 21.831234471952044))
(0, (0.0, 7.980358865484266))
(0, (0.0, 2.2434373524804503))
