(2, (3818.6332202291155, 3850.1693686380263))
(2, (3823.9354445791214, 3847.8435075973744))
(2, (3826.581413774888, 3826.8856828900975))
(1, (982.839018069796, 3750.9729822738973))
(1, (186.59604147012533, 208.7985792877545))
(1, (166.87085679917763, 179.13973952076196))
(1, (39.51697237331837, 42.49893911958847))
(0, (0.0, inf))
(0, (0.0, 950.5114932062006))
(0, (0.0, 914.3259176085469))
(0, (0.0, 738.5763093113725))
(0, (0.0, 648.8296726198444))
(0, (0.0, 624.3347699674829))
(0, (0.0, 622.4928276383758))
(0, (0.0, 593.6829512814902))
(0, (0.0, 571.2381243792881))
(0, (0.0, 565.6339766959701))
(0, (0.0, 559.17206564083))
(0, (0.0, 507.94745216076063))
(0, (0.0, 488.3534847955028))
(0, (0.0, 399.79171085855137))
(0, (0.0, 398.154436881029))
(0, (0.0, 218.16132562605588))
(0, (0.0, 218.04380918364794))
(0, (0.0, 206.98394144617913))
(0, (0.0, 189.31936242797957))
(0, (0.0, 178.01741661836127))
(0, (0.0, 172.99376180636))
(0, (0.0, 169.46866121526924))
(0, (0.0, 165.77397358614834))
(0, (0.0, 158.95343274459424))
(0, (0.0, 157.0057783819647))
(0, (0.0, 156.56201827490952))
(0, (0.0, 154.22461968546068))
(0, (0.0, 150.7316228258663))
(0, (0.0, 150.63691195410203))
(0, (0.0, 149.30255608314417))
(0, (0.0, 145.66813864874388))
(0, (0.0, 142.07142128210234))
(0, (0.0, 134.12605846459968))
(0, (0.0, 132.95582990372114))
(0, (0.0, 125.88955745416956))
(0, (0.0, 124.53780615329327))
(0, (0.0, 123.27292771772845))
(0, (0.0, 122.36002472224979))
(0, (0.0, 121.32743121230409))
(0, (0.0, 120.32181227444447))
(0, (0.0, 117.49642170919203))
(0, (0.0, 107.15652776019425))
(0, (0.0, 101.97903294786838))
(0, (0.0, 97.66128952775904))
(0, (0.0, 90.49633776483088))
(0, (0.0, 79.24983139749129))
(0, (0.0, 69.81307379288546))
(0, (0.0, 60.303113215403215))
(0, (0.0, 55.58267355943964))
(0, (0.0, 54.23969278840828))
(0, (0.0, 51.95412489915905))
(0, (0.0, 47.82650955487817))
(0, (0.0, 34.36675531122854))
(0, (0.0, 32.380690631033445))
(0, (0.0, 28.141401958723737))
(0, (0.0, 26.99090961495841))
(0, (0.0, 25.830916139995054))
(0, (0.0, 23.461135433820164))
(0, (0.0, 22.386066905745455))
(0, (0.0, 15.820706821031544))
(0, (0.0, 12.178329033329726))
(0, (0.0, 6.935541571759483))
(0, (0.0, 4.744819364287517))
(0, (0.0, 3.331507386370486))
(0, (0.0, 3.23292412667202))
(0, (0.0, 3.015423164284596))
(0, (0.0, 2.413460939834795))
(0, (0.0, 2.268354932037877))
(0, (0.0, 1.81601353925498))
(0, (0.0, 1.265452519846095))
