(1, (108.4608155554914, 116.71481802341215))
(1, (298.45504623254624, 305.85312087730506))
(1, (115.73843475929628, 122.79365425670659))
(1, (116.43066734266137, 119.48667572168128))
(1, (90.3528041821792, 92.99313239055093))
(0, (0.0, inf))
(0, (0.0, 578.0570991776276))
(0, (0.0, 417.36002667871566))
(0, (0.0, 291.19461123445734))
(0, (0.0, 193.09397960319603))
(0, (0.0, 155.71929817175675))
(0, (0.0, 115.34220508390183))
(0, (0.0, 113.49310000149353))
(0, (0.0, 111.37685521357126))
(0, (0.0, 106.89444699828319))
(0, (0.0, 106.88941534302812))
(0, (0.0, 103.73578574895427))
(0, (0.0, 103.34756442418774))
(0, (0.0, 97.21703957144022))
(0, (0.0, 95.4977389374018))
(0, (0.0, 94.85673530077342))
(0, (0.0, 92.30830428824102))
(0, (0.0, 92.2470139177935))
(0, (0.0, 91.29566557232988))
(0, (0.0, 90.50219901673374))
(0, (0.0, 87.6261496375515))
(0, (0.0, 85.77259711734204))
(0, (0.0, 80.9482084221313))
(0, (0.0, 80.55846875218316))
(0, (0.0, 79.43115126388754))
(0, (0.0, 79.23175302609539))
(0, (0.0, 79.02559749980715))
(0, (0.0, 77.56659912517154))
(0, (0.0, 77.28258321390167))
(0, (0.0, 76.49019784903184))
(0, (0.0, 75.43261816856206))
(0, (0.0, 75.07574586677758))
(0, (0.0, 74.97030459396866))
(0, (0.0, 73.34784105162545))
(0, (0.0, 71.01291552662153))
(0, (0.0, 63.41194737287331))
(0, (0.0, 63.27747582707538))
(0, (0.0, 58.508600843828475))
(0, (0.0, 57.22166407627368))
(0, (0.0, 57.01535435791744))
(0, (0.0, 54.86438423167555))
(0, (0.0, 46.179008521124416))
(0, (0.0, 38.7698945746065))
(0, (0.0, 33.852539513320195))
(0, (0.0, 33.267653806593685))
(0, (0.0, 31.024774574166454))
(0, (0.0, 29.033520744570154))
(0, (0.0, 28.79686406496639))
(0, (0.0, 27.268942890914403))
(0, (0.0, 25.558124214208686))
(0, (0.0, 25.442992467673974))
(0, (0.0, 25.156656729972497))
(0, (0.0, 24.0017256601685))
(0, (0.0, 23.973248575916738))
(0, (0.0, 18.497465845281855))
(0, (0.0, 4.405497150024972))
