(0, (0.0, inf))
(0, (0.0, 2786.059044600455))
(0, (0.0, 2738.005113216555))
(0, (0.0, 2553.9418552504285))
(0, (0.0, 2520.809988872624))
(0, (0.0, 2013.3993642593612))
(0, (0.0, 1326.1930477875383))
(0, (0.0, 1256.935161414462))
(0, (0.0, 986.2732886984215))
(0, (0.0, 803.9185282104152))
(0, (0.0, 264.1685068285014))
(0, (0.0, 263.81432864800956))
(0, (0.0, 233.52301813739905))
(0, (0.0, 205.22670391545054))
(0, (0.0, 168.60901518009052))
(0, (0.0, 101.67103815738285))
(0, (0.0, 67.22350779303324))
