(1, (61.18527455857847, 304.80055860545804))
(0, (0.0, inf))
(0, (0.0, 59.36630938260167))
(0, (0.0, 56.66306727190707))
(0, (0.0, 55.956372367034824))
(0, (0.0, 54.849976001739826))
(0, (0.0, 54.63443395191145))
(0, (0.0, 54.00358504025333))
(0, (0.0, 53.900786210456715))
(0, (0.0, 53.50533987754898))
(0, (0.0, 51.9532377112475))
(0, (0.0, 51.7938063092357))
(0, (0.0, 51.38987547971394))
(0, (0.0, 50.195988730763446))
(0, (0.0, 49.62590925056751))
(0, (0.0, 48.60506064088496))
(0, (0.0, 47.62779980982485))
(0, (0.0, 46.468305848291955))
(0, (0.0, 46.31749160215192))
(0, (0.0, 44.98134327099619))
(0, (0.0, 43.35782074595401))
(0, (0.0, 42.31093755268408))
(0, (0.0, 41.603523170292355))
(0, (0.0, 40.931449464651884))
(0, (0.0, 39.92914636456938))
(0, (0.0, 39.668623120805954))
(0, (0.0, 38.92052238203286))
(0, (0.0, 38.152305737674936))
(0, (0.0, 36.44906854048052))
(0, (0.0, 36.296695774726544))
(0, (0.0, 35.54307910568972))
(0, (0.0, 35.47206169692302))
(0, (0.0, 34.76227108034324))
(0, (0.0, 34.70155318767863))
(0, (0.0, 34.61499357818737))
(0, (0.0, 33.699336282986714))
(0, (0.0, 32.37678811820676))
(0, (0.0, 31.40980961079172))
(0, (0.0, 30.614352782521827))
(0, (0.0, 30.409528945753767))
(0, (0.0, 30.2267885369275))
(0, (0.0, 30.191425711946415))
(0, (0.0, 29.845320272775897))
(0, (0.0, 29.37629665998312))
(0, (0.0, 28.78093500602652))
(0, (0.0, 28.493510883153835))
(0, (0.0, 26.6046341738667))
(0, (0.0, 25.238171223283526))
(0, (0.0, 24.159060138166605))
(0, (0.0, 24.004917924219946))
(0, (0.0, 23.43112357492393))
