(1, (2.0448063571593593, 2.193539006806916))
(1, (1.4472994791862865, 1.5267148624568794))
(1, (1.10957540623468, 1.1879926156491536))
(1, (1.127993565207342, 1.1747932359333089))
(1, (1.1050041028785924, 1.1377816672470729))
(1, (1.123320985037667, 1.1248732545112194))
(0, (0.0, inf))
(0, (0.0, 67.99370311748049))
(0, (0.0, 18.909641801323833))
(0, (0.0, 16.99779646091179))
(0, (0.0, 12.782838877567482))
(0, (0.0, 11.884390038372695))
(0, (0.0, 8.349935790644926))
(0, (0.0, 5.642826104756884))
(0, (0.0, 4.9784403651264855))
(0, (0.0, 4.800084803784155))
(0, (0.0, 2.616529341307955))
(0, (0.0, 2.5829433776134523))
(0, (0.0, 2.3647816630825655))
(0, (0.0, 2.107017227124))
(0, (0.0, 2.017547636661721))
(0, (0.0, 1.9364741475094))
(0, (0.0, 1.8032332423700248))
(0, (0.0, 1.7549006906645228))
(0, (0.0, 1.740070599657548))
(0, (0.0, 1.7056260916300603))
(0, (0.0, 1.6730701774217738))
(0, (0.0, 1.6443086425458329))
(0, (0.0, 1.636120084465172))
(0, (0.0, 1.2316019043013398))
(0, (0.0, 1.212859404504746))
(0, (0.0, 1.0465159526957553))
(0, (0.0, 1.007447887827363))
(0, (0.0, 0.9939546369615179))
(0, (0.0, 0.9748070278756519))
(0, (0.0, 0.9695878781778519))
(0, (0.0, 0.9627347890976415))
(0, (0.0, 0.950405039442197))
(0, (0.0, 0.9236463063125067))
(0, (0.0, 0.8610415453205237))
(0, (0.0, 0.8528675020817996))
(0, (0.0, 0.8472915430826815))
(0, (0.0, 0.7859751701807471))
(0, (0.0, 0.7733238448246093))
(0, (0.0, 0.7452895866084813))
(0, (0.0, 0.7189011359546336))
(0, (0.0, 0.6685389844259965))
(0, (0.0, 0.6493252000779055))
(0, (0.0, 0.6476075622214824))
(0, (0.0, 0.6298593995662517))
(0, (0.0, 0.6226264508852655))
(0, (0.0, 0.6143221031584373))
(0, (0.0, 0.578656360946764))
(0, (0.0, 0.5744922573221068))
(0, (0.0, 0.5661595294069625))
(0, (0.0, 0.562012912033196))
(0, (0.0, 0.523902105405243))
(0, (0.0, 0.5081694328843949))
(0, (0.0, 0.4974875749634214))
(0, (0.0, 0.496267107357037))
(0, (0.0, 0.4891081449754496))
(0, (0.0, 0.483022842737342))
(0, (0.0, 0.4809172467821847))
(0, (0.0, 0.47535225279305743))
(0, (0.0, 0.471693226601624))
(0, (0.0, 0.471404520646873))
(0, (0.0, 0.46715862908772676))
(0, (0.0, 0.46196379624389305))
(0, (0.0, 0.45407380956060395))
(0, (0.0, 0.4530915362955102))
(0, (0.0, 0.44845164343246374))
(0, (0.0, 0.44834123860564323))
(0, (0.0, 0.4458222361750977))
(0, (0.0, 0.4450164516434028))
(0, (0.0, 0.44423710068257816))
(0, (0.0, 0.44275810493316436))
(0, (0.0, 0.4426742804865006))
(0, (0.0, 0.44225472242359326))
(0, (0.0, 0.44194677124664195))
(0, (0.0, 0.4403476902376888))
(0, (0.0, 0.4348326955442296))
(0, (0.0, 0.40995749306360874))
(0, (0.0, 0.40534289225344294))
(0, (0.0, 0.38000311981949547))
(0, (0.0, 0.3789268464201796))
(0, (0.0, 0.3379058149741519))
(0, (0.0, 0.3342972580418112))
(0, (0.0, 0.3253290114201977))
(0, (0.0, 0.30616221463863136))
(0, (0.0, 0.26578527726321294))
(0, (0.0, 0.23776724181576564))
(0, (0.0, 0.20458591515111704))
(0, (0.0, 0.20018308514041583))
(0, (0.0, 0.1459840848829728))
(0, (0.0, 0.13030647426023031))
(0, (0.0, 0.12703627151049537))
(0, (0.0, 0.07659105776208147))
(0, (0.0, 0.05672514420658606))
(0, (0.0, 0.04279764007116007))
(0, (0.0, 0.025851503988678012))
(0, (0.0, 0.011124716046951618))
(0, (0.0, 0.009950248524546623))
(0, (0.0, 0.007035889523287373))
(0, (0.0, 0.004975125193595886))
