(1, (684.0, 800.7096852168081))
(0, (0.0, inf))
(0, (0.0, 322.44069222106566))
(0, (0.0, 284.3659613948195))
(0, (0.0, 284.3659613948195))
(0, (0.0, 284.3659613948195))
(0, (0.0, 284.3659613948195))
(0, (0.0, 284.3659613948195))
(0, (0.0, 284.3659613948195))
(0, (0.0, 284.3659613948195))
(0, (0.0, 284.3659613948195))
(0, (0.0, 284.3659613948195))
(0, (0.0, 284.3659613948195))
(0, (0.0, 284.3659613948195))
(0, (0.0, 284.3659613948195))
(0, (0.0, 284.3659613948195))
(0, (0.0, 284.3659613948195))
(0, (0.0, 284.3659613948195))
(0, (0.0, 284.3659613948195))
(0, (0.0, 284.3659613948195))
(0, (0.0, 284.3659613948195))
(0, (0.0, 284.3659613948195))
(0, (0.0, 284.3659613948195))
(0, (0.0, 284.3659613948195))
(0, (0.0, 284.3659613948195))
(0, (0.0, 284.3659613948195))
(0, (0.0, 284.3659613948195))
(0, (0.0, 284.3659613948195))
(0, (0.0, 284.3659613948195))
(0, (0.0, 284.3659613948195))
(0, (0.0, 284.3659613948195))
(0, (0.0, 284.3659613948195))
(0, (0.0, 284.3659613948195))
(0, (0.0, 284.3659613948195))
(0, (0.0, 284.3659613948195))
(0, (0.0, 284.3659613948195))
(0, (0.0, 284.3659613948195))
(0, (0.0, 284.3659613948195))
(0, (0.0, 284.3659613948195))
(0, (0.0, 284.3659613948195))
(0, (0.0, 284.3659613948195))
(0, (0.0, 284.3659613948195))
(0, (0.0, 284.3659613948195))
(0, (0.0, 284.3659613948195))
(0, (0.0, 284.3659613948195))
(0, (0.0, 284.3659613948195))
(0, (0.0, 284.3659613948195))
(0, (0.0, 284.3659613948195))
(0, (0.0, 284.3659613948195))
(0, (0.0, 284.3659613948195))
(0, (0.0, 284.3659613948195))
(0, (0.0, 284.3659613948195))
(0, (0.0, 284.3659613948195))
(0, (0.0, 284.3659613948195))
(0, (0.0, 284.3659613948195))
(0, (0.0, 284.3659613948195))
(0, (0.0, 284.3659613948195))
(0, (0.0, 284.3659613948195))
(0, (0.0, 284.3659613948195))
(0, (0.0, 284.3659613948195))
(0, (0.0, 284.3659613948195))
(0, (0.0, 284.3659613948195))
(0, (0.0, 284.3659613948195))
(0, (0.0, 284.3659613948195))
(0, (0.0, 284.3659613948195))
(0, (0.0, 284.3659613948195))
(0, (0.0, 284.3659613948195))
(0, (0.0, 284.3659613948195))
(0, (0.0, 284.3659613948195))
(0, (0.0, 284.3659613948195))
(0, (0.0, 284.3659613948195))
(0, (0.0, 284.3659613948195))
(0, (0.0, 284.3659613948195))
(0, (0.0, 284.3659613948195))
(0, (0.0, 284.3659613948195))
(0, (0.0, 284.3659613948195))
(0, (0.0, 284.3659613948195))
(0, (0.0, 284.3659613948195))
(0, (0.0, 284.3659613948195))
(0, (0.0, 284.3659613948195))
(0, (0.0, 284.3659613948195))
(0, (0.0, 284.3659613948195))
(0, (0.0, 284.3659613948195))
(0, (0.0, 284.3659613948195))
(0, (0.0, 263.27172275046934))
(0, (0.0, 263.27172275046934))
(0, (0.0, 263.27172275046934))
(0, (0.0, 263.27172275046934))
(0, (0.0, 263.27172275046934))
(0, (0.0, 263.27172275046934))
(0, (0.0, 263.27172275046934))
(0, (0.0, 263.27172275046934))
(0, (0.0, 228.0))
(0, (0.0, 228.0))
(0, (0.0, 201.0770996409089))
(0, (0.0, 201.0770996409089))
(0, (0.0, 186.16122045152153))
(0, (0.0, 186.16122045152153))
(0, (0.0, 186.16122045152153))
(0, (0.0, 186.16122045152153))
(0, (0.0, 186.16122045152153))
(0, (0.0, 186.16122045152153))
(0, (0.0, 186.16122045152153))
(0, (0.0, 186.16122045152153))
(0, (0.0, 186.16122045152153))
(0, (0.0, 186.16122045152153))
(0, (0.0, 186.16122045152153))
(0, (0.0, 169.941166289984))
(0, (0.0, 169.941166289984))
(0, (0.0, 169.941166289984))
(0, (0.0, 169.941166289984))
(0, (0.0, 169.941166289984))
(0, (0.0, 152.0))
(0, (0.0, 152.0))
(0, (0.0, 152.0))
(0, (0.0, 152.0))
(0, (0.0, 152.0))
(0, (0.0, 152.0))
(0, (0.0, 152.0))
(0, (0.0, 152.0))
(0, (0.0, 152.0))
(0, (0.0, 152.0))
(0, (0.0, 152.0))
(0, (0.0, 152.0))
(0, (0.0, 152.0))
(0, (0.0, 152.0))
(0, (0.0, 152.0))
(0, (0.0, 152.0))
(0, (0.0, 152.0))
(0, (0.0, 152.0))
(0, (0.0, 152.0))
(0, (0.0, 152.0))
(0, (0.0, 152.0))
(0, (0.0, 152.0))
(0, (0.0, 152.0))
(0, (0.0, 152.0))
(0, (0.0, 152.0))
(0, (0.0, 152.0))
(0, (0.0, 152.0))
(0, (0.0, 152.0))
(0, (0.0, 152.0))
(0, (0.0, 152.0))
(0, (0.0, 152.0))
(0, (0.0, 152.0))
(0, (0.0, 152.0))
(0, (0.0, 152.0))
(0, (0.0, 152.0))
(0, (0.0, 152.0))
(0, (0.0, 152.0))
(0, (0.0, 152.0))
(0, (0.0, 152.0))
(0, (0.0, 152.0))
(0, (0.0, 152.0))
(0, (0.0, 152.0))
(0, (0.0, 152.0))
(0, (0.0, 152.0))
(0, (0.0, 152.0))
(0, (0.0, 152.0))
(0, (0.0, 152.0))
(0, (0.0, 152.0))
(0, (0.0, 152.0))
(0, (0.0, 152.0))
(0, (0.0, 152.0))
(0, (0.0, 152.0))
(0, (0.0, 152.0))
(0, (0.0, 152.0))
(0, (0.0, 152.0))
(0, (0.0, 152.0))
(0, (0.0, 152.0))
(0, (0.0, 152.0))
(0, (0.0, 152.0))
(0, (0.0, 152.0))
(0, (0.0, 152.0))
(0, (0.0, 152.0))
(0, (0.0, 152.0))
(0, (0.0, 152.0))
(0, (0.0, 152.0))
(0, (0.0, 152.0))
(0, (0.0, 152.0))
(0, (0.0, 152.0))
(0, (0.0, 152.0))
(0, (0.0, 152.0))
(0, (0.0, 152.0))
(0, (0.0, 152.0))
(0, (0.0, 152.0))
(0, (0.0, 152.0))
(0, (0.0, 152.0))
(0, (0.0, 152.0))
(0, (0.0, 152.0))
(0, (0.0, 152.0))
(0, (0.0, 152.0))
(0, (0.0, 152.0))
(0, (0.0, 152.0))
(0, (0.0, 152.0))
(0, (0.0, 152.0))
(0, (0.0, 152.0))
(0, (0.0, 152.0))
(0, (0.0, 152.0))
(0, (0.0, 152.0))
(0, (0.0, 152.0))
