(0, (0.0, inf))
(0, (0.0, 148.12639913981207))
(0, (0.0, 132.53635675206874))
(0, (0.0, 130.8320817770939))
(0, (0.0, 100.12322077698782))
(0, (0.0, 68.81153758449432))
(0, (0.0, 61.05222577481103))
(0, (0.0, 57.165118801780565))
(0, (0.0, 52.87257020728811))
(0, (0.0, 51.57240091948836))
(0, (0.0, 49.68938161677379))
(0, (0.0, 44.90769689572366))
(0, (0.0, 41.9657257301785))
(0, (0.0, 35.16711638245284))
(0, (0.0, 28.359907723855706))
(0, (0.0, 27.23863849424756))
(0, (0.0, 26.244381788662864))
(0, (0.0, 23.356107436331634))
(0, (0.0, 22.93886877188304))
(0, (0.0, 22.04150859233804))
(0, (0.0, 21.8788106427573))
(0, (0.0, 18.84476354702048))
(0, (0.0, 16.3777552121654))
(0, (0.0, 15.755473328517951))
(0, (0.0, 15.462546394631023))
(0, (0.0, 15.219575696844679))
(0, (0.0, 13.405805057066265))
(0, (0.0, 7.959603811473234))
(0, (0.0, 5.638126213525621))
(0, (0.0, 4.62235006444718))
(0, (0.0, 4.529069990314067))
(0, (0.0, 3.7745175841300362))
(0, (0.0, 2.9009675041022005))
(0, (0.0, 2.2649571131293094))
(0, (0.0, 2.219325973021608))
(0, (0.0, 1.3975242794445455))
(0, (0.0, 1.2110567174913338))
(0, (0.0, 0.8571943867663043))
(0, (0.0, 0.8235388789400321))
(0, (0.0, 0.7958496111175132))
(0, (0.0, 0.7612737874519976))
(0, (0.0, 0.7273898650214821))
(0, (0.0, 0.603768989400573))
(0, (0.0, 0.5702167004103056))
(0, (0.0, 0.5440059650192539))
(0, (0.0, 0.3334731580188434))
(0, (0.0, 0.2853711995979844))
(0, (0.0, 0.19212215696977225))
(0, (0.0, 0.06630640819552565))
(0, (0.0, 0.030854712183649703))
