(1, (6.916496655123483, 8.848745042827332))
(1, (6.446551828845308, 8.196792996973688))
(1, (6.476488137381878, 8.204595392283181))
(1, (6.752101840440285, 8.38442921080232))
(1, (6.569006957845016, 8.181989199700137))
(1, (6.537137298142169, 8.125029793005574))
(1, (6.495136571800919, 8.077315916497998))
(1, (6.664628173853022, 8.16395624515053))
(1, (6.565056848412218, 8.038438523477753))
(1, (6.924434829307825, 8.39127159117303))
(1, (6.577251623318435, 7.631357399100748))
(1, (7.21837894212685, 8.135253271748349))
(1, (6.799213122671216, 7.709340003211434))
(1, (6.644025098455354, 7.377253895166057))
(1, (6.573922256963707, 7.269669442156282))
(1, (6.4483179889427955, 7.143630443248737))
(1, (6.634909823651945, 7.270300958969215))
(1, (6.652926385039263, 7.284815455153809))
(1, (6.605635388210757, 7.038985406993291))
(1, (5.42420915802938, 5.851183848763181))
(1, (5.047432357522497, 5.407220782788236))
(1, (6.244070283895261, 6.597013112809695))
(1, (4.91584302565703, 5.242187691309563))
(1, (6.534186959777529, 6.854168481838015))
(1, (5.625310501824045, 5.9214285173987955))
(1, (6.6602812243892595, 6.942899539122894))
(1, (5.13598879548322, 5.4126584445865955))
(1, (6.489267734846146, 6.749977003755713))
(1, (6.563778653819201, 6.814494962738579))
(1, (6.619206138368725, 6.868191232272887))
(1, (5.978859697796487, 6.1963131017631525))
(1, (5.8733363921421065, 6.05688077571016))
(1, (5.056885259289644, 5.239212122146629))
(1, (4.053141992201621, 4.206287320731647))
(1, (6.646997058149297, 6.798074735492015))
(1, (6.01305292326304, 6.128175989196685))
(1, (4.9714488894891, 5.081392276006585))
(1, (45.46124364846257, 45.55480142223288))
(1, (5.355901099895774, 5.442865401947034))
(1, (4.626550321757959, 4.656107976911676))
(1, (4.434831984843219, 4.458727118026838))
(0, (0.0, inf))
(0, (0.0, 7.043897380974405))
(0, (0.0, 6.900621547657272))
(0, (0.0, 6.745868718008652))
(0, (0.0, 6.632161698041445))
(0, (0.0, 6.555639920630221))
(0, (0.0, 6.55260135153672))
(0, (0.0, 6.5371277972364314))
(0, (0.0, 6.535770412668268))
(0, (0.0, 6.520974219414257))
(0, (0.0, 6.484610701827478))
(0, (0.0, 6.48373050046867))
(0, (0.0, 6.478929684664905))
(0, (0.0, 6.47641566149377))
(0, (0.0, 6.462565749096049))
(0, (0.0, 6.458282647698902))
(0, (0.0, 6.445315489418707))
(0, (0.0, 6.442501804268881))
(0, (0.0, 6.438537295883542))
(0, (0.0, 6.436209312370254))
(0, (0.0, 6.428448147605185))
(0, (0.0, 6.414577323095156))
(0, (0.0, 6.413163290070665))
(0, (0.0, 6.4050898014910445))
(0, (0.0, 6.402014627040501))
(0, (0.0, 6.36912886295218))
(0, (0.0, 6.195644098732517))
(0, (0.0, 5.868011034862786))
(0, (0.0, 5.832102104000028))
(0, (0.0, 5.736198028770053))
(0, (0.0, 5.632970472179611))
(0, (0.0, 5.622803629579901))
(0, (0.0, 5.621005239394369))
(0, (0.0, 5.601183698171288))
(0, (0.0, 5.589671435397141))
(0, (0.0, 5.578700539387666))
(0, (0.0, 5.44126894038247))
(0, (0.0, 5.277868010661158))
(0, (0.0, 5.240555638362968))
(0, (0.0, 5.233327032522978))
(0, (0.0, 5.216789754232363))
(0, (0.0, 5.207992671146028))
(0, (0.0, 5.204590734821283))
(0, (0.0, 5.177175450802808))
(0, (0.0, 5.174877443494224))
(0, (0.0, 5.171791881622795))
(0, (0.0, 5.127625744469648))
(0, (0.0, 5.074395024517438))
(0, (0.0, 4.93156041504016))
(0, (0.0, 4.918086110301787))
(0, (0.0, 4.859005649827812))
(0, (0.0, 4.856065608702682))
(0, (0.0, 4.83796739404154))
(0, (0.0, 4.7828437167048))
(0, (0.0, 4.588327191936529))
(0, (0.0, 4.520951133437795))
(0, (0.0, 4.483398545216461))
(0, (0.0, 4.427066595601908))
(0, (0.0, 4.405345009729936))
(0, (0.0, 4.404674165607519))
(0, (0.0, 4.194378220592821))
(0, (0.0, 4.184466603057971))
(0, (0.0, 4.131639159674659))
(0, (0.0, 4.086491549931079))
(0, (0.0, 4.057173964923397))
(0, (0.0, 4.023069913853005))
(0, (0.0, 3.988663246163846))
(0, (0.0, 3.8831632713774735))
(0, (0.0, 3.75054088465762))
(0, (0.0, 3.7081933435626246))
(0, (0.0, 3.645150148060074))
(0, (0.0, 3.4886119160280358))
(0, (0.0, 3.3797392592190976))
(0, (0.0, 3.306515723074876))
(0, (0.0, 3.276295776616658))
(0, (0.0, 3.1446249455275535))
(0, (0.0, 3.012177881254366))
(0, (0.0, 2.914561208108267))
(0, (0.0, 2.883714376462355))
(0, (0.0, 2.825222390684723))
(0, (0.0, 2.713029877499617))
(0, (0.0, 2.5760384694901743))
(0, (0.0, 2.4699375379998036))
(0, (0.0, 2.4670146042894103))
(0, (0.0, 2.201603481168491))
(0, (0.0, 2.001057847528473))
(0, (0.0, 1.84693759565796))
(0, (0.0, 1.6821438350742077))
(0, (0.0, 1.6666965207632374))
(0, (0.0, 1.5776010376971237))
(0, (0.0, 1.383048747569381))
(0, (0.0, 1.3468443182487158))
(0, (0.0, 0.9906617556421068))
(0, (0.0, 0.8269496348367537))
(0, (0.0, 0.7635965247973674))
(0, (0.0, 0.7579191453238537))
(0, (0.0, 0.7053457657000883))
(0, (0.0, 0.5800665707382695))
(0, (0.0, 0.4619371534588312))
(0, (0.0, 0.39451215204704276))
