(1, (11.420363404167174, 12.040211408785805))
(0, (0.0, inf))
(0, (0.0, 157.75519016159495))
(0, (0.0, 126.35521058432433))
(0, (0.0, 126.07432671719468))
(0, (0.0, 105.69457974686254))
(0, (0.0, 105.44812479964294))
(0, (0.0, 103.47509175486314))
(0, (0.0, 83.77901665769345))
(0, (0.0, 56.69040765964216))
(0, (0.0, 56.53719867813851))
(0, (0.0, 56.10105662944286))
(0, (0.0, 42.022509566116675))
(0, (0.0, 28.707705041348394))
(0, (0.0, 28.587486204712423))
(0, (0.0, 27.07484859334189))
(0, (0.0, 13.920633888351205))
(0, (0.0, 11.37946545615149))
(0, (0.0, 11.142682867932548))
(0, (0.0, 10.785293770745088))
(0, (0.0, 10.364550280757639))
(0, (0.0, 9.862390108023462))
(0, (0.0, 9.771524280948535))
(0, (0.0, 7.4979115208696445))
(0, (0.0, 6.5807847398178705))
(0, (0.0, 6.566478420224615))
(0, (0.0, 5.316918893000644))
(0, (0.0, 3.572429505495451))
(0, (0.0, 3.557892967952022))
(0, (0.0, 3.1906415740726404))
(0, (0.0, 3.0114165758075244))
(0, (0.0, 2.8205140427326616))
(0, (0.0, 2.233963067916718))
(0, (0.0, 1.9804248429143099))
(0, (0.0, 1.8698783839167672))
(0, (0.0, 1.8610757973306833))
(0, (0.0, 1.8435818609764438))
(0, (0.0, 1.3167926662042544))
(0, (0.0, 0.8780313378757381))
(0, (0.0, 0.8508031710626558))
(0, (0.0, 0.8466190092325279))
(0, (0.0, 0.821579646253956))
(0, (0.0, 0.8118702396980565))
(0, (0.0, 0.41895869423933046))
(0, (0.0, 0.19791874790904512))
(0, (0.0, 0.17514597886019392))
(0, (0.0, 0.17427352168003016))
(0, (0.0, 0.13763805881759095))
(0, (0.0, 0.12219784216576457))
(0, (0.0, 1.7755893186570954e-13))
(0, (0.0, 1.1879833816444806e-13))
