(1, (416.26914370392626, 856.4765028884331))
(1, (728.9663915435334, 856.4765028884331))
(1, (728.9663915435334, 856.4765028884331))
(1, (728.9663915435334, 856.4765028884331))
(0, (0.0, inf))
(0, (0.0, 416.26914370392626))
(0, (0.0, 416.26914370392626))
(0, (0.0, 416.26914370392626))
(0, (0.0, 416.26914370392626))
(0, (0.0, 416.26914370392626))
(0, (0.0, 416.26914370392626))
(0, (0.0, 416.26914370392626))
(0, (0.0, 416.26914370392626))
(0, (0.0, 416.26914370392626))
(0, (0.0, 416.26914370392626))
(0, (0.0, 416.26914370392626))
(0, (0.0, 416.26914370392626))
(0, (0.0, 416.26914370392626))
(0, (0.0, 416.26914370392626))
(0, (0.0, 416.26914370392626))
(0, (0.0, 416.26914370392626))
(0, (0.0, 416.26914370392626))
(0, (0.0, 416.26914370392626))
(0, (0.0, 416.26914370392626))
(0, (0.0, 416.26914370392626))
(0, (0.0, 416.26914370392626))
(0, (0.0, 416.26914370392626))
(0, (0.0, 416.26914370392626))
(0, (0.0, 416.26914370392626))
(0, (0.0, 416.26914370392626))
(0, (0.0, 416.26914370392626))
(0, (0.0, 416.26914370392626))
(0, (0.0, 416.26914370392626))
(0, (0.0, 416.26914370392626))
(0, (0.0, 416.26914370392626))
(0, (0.0, 416.26914370392626))
(0, (0.0, 416.26914370392626))
(0, (0.0, 416.26914370392626))
(0, (0.0, 416.26914370392626))
(0, (0.0, 416.26914370392626))
(0, (0.0, 416.26914370392626))
(0, (0.0, 416.26914370392626))
(0, (0.0, 416.26914370392626))
(0, (0.0, 416.26914370392626))
(0, (0.0, 416.26914370392626))
(0, (0.0, 416.26914370392626))
(0, (0.0, 416.26914370392626))
(0, (0.0, 416.26914370392626))
(0, (0.0, 416.26914370392626))
(0, (0.0, 416.26914370392626))
(0, (0.0, 416.26914370392626))
(0, (0.0, 416.26914370392626))
(0, (0.0, 416.26914370392626))
(0, (0.0, 416.26914370392626))
(0, (0.0, 416.26914370392626))
(0, (0.0, 416.26914370392626))
(0, (0.0, 416.26914370392626))
(0, (0.0, 416.26914370392626))
(0, (0.0, 416.26914370392626))
(0, (0.0, 416.26914370392626))
(0, (0.0, 416.26914370392626))
(0, (0.0, 416.26914370392626))
(0, (0.0, 416.26914370392626))
(0, (0.0, 416.26914370392626))
(0, (0.0, 416.26914370392626))
(0, (0.0, 416.26914370392626))
(0, (0.0, 416.26914370392626))
(0, (0.0, 416.26914370392626))
(0, (0.0, 416.26914370392626))
(0, (0.0, 416.26914370392626))
(0, (0.0, 416.26914370392626))
(0, (0.0, 416.26914370392626))
(0, (0.0, 416.26914370392626))
(0, (0.0, 416.26914370392626))
(0, (0.0, 416.26914370392626))
(0, (0.0, 416.26914370392626))
(0, (0.0, 416.26914370392626))
(0, (0.0, 416.26914370392626))
(0, (0.0, 416.26914370392626))
(0, (0.0, 416.26914370392626))
(0, (0.0, 416.26914370392626))
(0, (0.0, 416.26914370392626))
(0, (0.0, 416.26914370392626))
(0, (0.0, 416.26914370392626))
(0, (0.0, 416.26914370392626))
(0, (0.0, 416.26914370392626))
(0, (0.0, 416.26914370392626))
(0, (0.0, 416.26914370392626))
(0, (0.0, 416.26914370392626))
(0, (0.0, 416.26914370392626))
(0, (0.0, 416.26914370392626))
(0, (0.0, 416.26914370392626))
(0, (0.0, 416.26914370392626))
(0, (0.0, 416.26914370392626))
(0, (0.0, 416.26914370392626))
(0, (0.0, 416.26914370392626))
(0, (0.0, 416.26914370392626))
(0, (0.0, 416.26914370392626))
(0, (0.0, 416.26914370392626))
(0, (0.0, 416.26914370392626))
(0, (0.0, 416.26914370392626))
(0, (0.0, 416.26914370392626))
(0, (0.0, 416.26914370392626))
(0, (0.0, 416.26914370392626))
(0, (0.0, 416.26914370392626))
(0, (0.0, 416.26914370392626))
(0, (0.0, 416.26914370392626))
(0, (0.0, 416.26914370392626))
(0, (0.0, 416.26914370392626))
(0, (0.0, 416.26914370392626))
(0, (0.0, 416.26914370392626))
(0, (0.0, 416.26914370392626))
(0, (0.0, 416.26914370392626))
(0, (0.0, 416.26914370392626))
(0, (0.0, 416.26914370392626))
(0, (0.0, 416.26914370392626))
(0, (0.0, 416.26914370392626))
(0, (0.0, 416.26914370392626))
(0, (0.0, 416.26914370392626))
(0, (0.0, 416.26914370392626))
(0, (0.0, 416.26914370392626))
(0, (0.0, 416.26914370392626))
(0, (0.0, 416.26914370392626))
(0, (0.0, 416.26914370392626))
(0, (0.0, 416.26914370392626))
(0, (0.0, 416.26914370392626))
(0, (0.0, 416.26914370392626))
(0, (0.0, 416.26914370392626))
(0, (0.0, 416.26914370392626))
(0, (0.0, 416.26914370392626))
(0, (0.0, 416.26914370392626))
(0, (0.0, 416.26914370392626))
(0, (0.0, 416.26914370392626))
(0, (0.0, 416.26914370392626))
(0, (0.0, 416.26914370392626))
(0, (0.0, 416.26914370392626))
(0, (0.0, 416.26914370392626))
(0, (0.0, 416.26914370392626))
(0, (0.0, 416.26914370392626))
(0, (0.0, 416.26914370392626))
(0, (0.0, 416.26914370392626))
(0, (0.0, 416.26914370392626))
(0, (0.0, 416.26914370392626))
(0, (0.0, 416.26914370392626))
(0, (0.0, 416.26914370392626))
(0, (0.0, 416.26914370392626))
(0, (0.0, 416.26914370392626))
(0, (0.0, 416.26914370392626))
(0, (0.0, 416.26914370392626))
(0, (0.0, 416.26914370392626))
(0, (0.0, 416.26914370392626))
(0, (0.0, 416.26914370392626))
(0, (0.0, 416.26914370392626))
(0, (0.0, 416.26914370392626))
(0, (0.0, 416.26914370392626))
(0, (0.0, 416.26914370392626))
(0, (0.0, 416.26914370392626))
(0, (0.0, 416.26914370392626))
(0, (0.0, 416.26914370392626))
(0, (0.0, 416.26914370392626))
(0, (0.0, 409.2725253422223))
(0, (0.0, 409.2725253422223))
(0, (0.0, 409.2725253422223))
(0, (0.0, 409.2725253422223))
(0, (0.0, 409.2725253422223))
(0, (0.0, 409.2725253422223))
(0, (0.0, 409.2725253422223))
(0, (0.0, 409.2725253422223))
(0, (0.0, 394.90758412570403))
(0, (0.0, 364.4831957717667))
(0, (0.0, 364.4831957717667))
(0, (0.0, 364.4831957717667))
(0, (0.0, 364.4831957717667))
(0, (0.0, 364.4831957717667))
(0, (0.0, 364.4831957717667))
(0, (0.0, 364.4831957717667))
(0, (0.0, 364.4831957717667))
(0, (0.0, 348.27575281664383))
(0, (0.0, 348.27575281664383))
(0, (0.0, 348.27575281664383))
(0, (0.0, 348.27575281664383))
(0, (0.0, 348.27575281664383))
(0, (0.0, 348.27575281664383))
(0, (0.0, 348.27575281664383))
(0, (0.0, 348.27575281664383))
(0, (0.0, 331.2763197090912))
(0, (0.0, 331.2763197090912))
(0, (0.0, 331.2763197090912))
(0, (0.0, 331.2763197090912))
(0, (0.0, 331.2763197090912))
(0, (0.0, 331.2763197090912))
(0, (0.0, 331.2763197090912))
(0, (0.0, 331.2763197090912))
(0, (0.0, 313.3560275469422))
(0, (0.0, 313.3560275469422))
(0, (0.0, 313.3560275469422))
(0, (0.0, 313.3560275469422))
(0, (0.0, 313.3560275469422))
(0, (0.0, 313.3560275469422))
(0, (0.0, 313.3560275469422))
(0, (0.0, 263.27172275046934))
(0, (0.0, 263.27172275046934))
(0, (0.0, 263.27172275046934))
