(1, (33.29061053767401, 40.324250812911366))
(1, (9.838263738894833, 11.56184419241182))
(1, (8.861865700946979, 10.447620330318482))
(1, (7.993564978154037, 9.529807580526773))
(1, (7.697888788816082, 8.804903270205374))
(1, (8.10541816437537, 9.05572421841157))
(1, (7.629584779835525, 8.570952081579474))
(1, (7.039598655140428, 7.975178612817949))
(1, (10.239685979540068, 10.844820721648798))
(1, (7.639494126262719, 8.126918535166338))
(1, (11.07044783334465, 11.526347478872886))
(1, (10.022936075315352, 10.41204058290614))
(1, (7.2161708209373945, 7.5822919261197566))
(1, (8.138202700691158, 8.288654431445067))
(1, (10.056653510635494, 10.19909352171761))
(1, (6.510854563298536, 6.645598615984203))
(1, (9.533691043877857, 9.613628421694443))
(1, (6.181807376653834, 6.241301021060003))
(1, (7.80139682357936, 7.858123561332319))
(1, (7.997231892459609, 8.053821245107367))
(0, (0.0, inf))
(0, (0.0, 13.968916239815014))
(0, (0.0, 11.690091085445896))
(0, (0.0, 11.596503717809943))
(0, (0.0, 10.349506970882398))
(0, (0.0, 10.175394291731493))
(0, (0.0, 10.13806715346551))
(0, (0.0, 9.917977337786896))
(0, (0.0, 9.779599854315641))
(0, (0.0, 9.749092273989806))
(0, (0.0, 9.487279014762013))
(0, (0.0, 9.467207033603737))
(0, (0.0, 9.21759244295364))
(0, (0.0, 9.211001789550535))
(0, (0.0, 9.09296493947336))
(0, (0.0, 9.025704037138999))
(0, (0.0, 8.947299988030244))
(0, (0.0, 8.878812007968596))
(0, (0.0, 8.759830617960278))
(0, (0.0, 8.690040075483198))
(0, (0.0, 8.612575592795368))
(0, (0.0, 8.582317494585158))
(0, (0.0, 8.466767287671315))
(0, (0.0, 8.385170584331748))
(0, (0.0, 8.265849862018822))
(0, (0.0, 8.091993963023683))
(0, (0.0, 8.008913552600399))
(0, (0.0, 7.9813834389635945))
(0, (0.0, 7.9757965386993925))
(0, (0.0, 7.937533155941722))
(0, (0.0, 7.847982349253803))
(0, (0.0, 7.741642109556959))
(0, (0.0, 7.715903232650349))
(0, (0.0, 7.690744300608972))
(0, (0.0, 7.655206335524834))
(0, (0.0, 7.649250018587315))
(0, (0.0, 7.636869345661568))
(0, (0.0, 7.62671011316339))
(0, (0.0, 7.626630555446755))
(0, (0.0, 7.5860710135430365))
(0, (0.0, 7.5182970158022995))
(0, (0.0, 7.49285461793842))
(0, (0.0, 7.4402932130728))
(0, (0.0, 7.4113323957382))
(0, (0.0, 7.370184501504402))
(0, (0.0, 7.284246798999858))
(0, (0.0, 7.282414699103105))
(0, (0.0, 7.260750634180271))
(0, (0.0, 7.252775688078406))
(0, (0.0, 7.1934723832958145))
(0, (0.0, 7.037529178646552))
(0, (0.0, 6.993156073664628))
(0, (0.0, 6.9931316810794515))
(0, (0.0, 6.992554622319714))
(0, (0.0, 6.982157661665991))
(0, (0.0, 6.970957105429524))
(0, (0.0, 6.958171146867597))
(0, (0.0, 6.902817903770275))
(0, (0.0, 6.8740322330291))
(0, (0.0, 6.862857254407189))
(0, (0.0, 6.734037812862673))
(0, (0.0, 6.646196661621228))
(0, (0.0, 6.61708745574499))
(0, (0.0, 6.500050767249509))
(0, (0.0, 6.4705597643585016))
(0, (0.0, 6.4699689496295605))
(0, (0.0, 6.467472083371727))
(0, (0.0, 6.312944815292072))
(0, (0.0, 6.2961804140320545))
(0, (0.0, 6.287031637090193))
(0, (0.0, 6.165283014974284))
(0, (0.0, 6.135494036507144))
(0, (0.0, 6.131210627895488))
(0, (0.0, 6.052322319383427))
(0, (0.0, 5.868239057559083))
(0, (0.0, 5.851742540950489))
(0, (0.0, 5.848120625151118))
(0, (0.0, 5.842884868473045))
(0, (0.0, 5.709264693260592))
(0, (0.0, 5.696771486969997))
(0, (0.0, 5.649954007201315))
(0, (0.0, 5.635553310498958))
(0, (0.0, 5.615232011306133))
(0, (0.0, 5.6128510446999025))
(0, (0.0, 5.605837181413775))
(0, (0.0, 5.587926302980318))
(0, (0.0, 5.545163990918551))
(0, (0.0, 5.543594755099996))
(0, (0.0, 5.416272530936336))
(0, (0.0, 5.383240690000374))
(0, (0.0, 5.314790892018202))
(0, (0.0, 5.052735337234778))
(0, (0.0, 4.936863086106325))
(0, (0.0, 4.932270801900471))
(0, (0.0, 4.912455985086351))
(0, (0.0, 4.820964889513221))
(0, (0.0, 4.677931934359177))
(0, (0.0, 3.8921435634305457))
(0, (0.0, 2.9999506506116043))
(0, (0.0, 2.642358009763376))
