(1, (1485.406341712597, 1912.121335062187))
(0, (0.0, inf))
(0, (0.0, 1485.406341712597))
(0, (0.0, 1453.9656116978833))
(0, (0.0, 1453.9656116978833))
(0, (0.0, 1453.9656116978833))
(0, (0.0, 1445.998616873474))
(0, (0.0, 1445.998616873474))
(0, (0.0, 1445.998616873474))
(0, (0.0, 1429.9314668892353))
(0, (0.0, 1417.7616160695))
(0, (0.0, 1417.7616160695))
(0, (0.0, 1417.7616160695))
(0, (0.0, 1417.7616160695))
(0, (0.0, 1413.681718068109))
(0, (0.0, 1413.681718068109))
(0, (0.0, 1413.681718068109))
(0, (0.0, 1413.681718068109))
(0, (0.0, 1413.681718068109))
(0, (0.0, 1397.2429996246178))
(0, (0.0, 1397.2429996246178))
(0, (0.0, 1397.2429996246178))
(0, (0.0, 1397.2429996246178))
(0, (0.0, 1393.1030112665753))
(0, (0.0, 1359.529330319872))
(0, (0.0, 1357.4034035613731))
(0, (0.0, 578.798756045657))
(0, (0.0, 578.798756045657))
(0, (0.0, 573.787417080577))
(0, (0.0, 492.5362930789974))
(0, (0.0, 492.5362930789974))
(0, (0.0, 492.5362930789974))
(0, (0.0, 492.5362930789974))
(0, (0.0, 492.5362930789974))
(0, (0.0, 492.5362930789974))
(0, (0.0, 492.5362930789974))
(0, (0.0, 492.5362930789974))
(0, (0.0, 492.5362930789974))
(0, (0.0, 492.5362930789974))
(0, (0.0, 492.5362930789974))
(0, (0.0, 492.5362930789974))
(0, (0.0, 492.5362930789974))
(0, (0.0, 492.5362930789974))
(0, (0.0, 492.5362930789974))
(0, (0.0, 492.5362930789974))
(0, (0.0, 492.5362930789974))
(0, (0.0, 492.5362930789974))
(0, (0.0, 492.5362930789974))
(0, (0.0, 492.5362930789974))
(0, (0.0, 492.5362930789974))
(0, (0.0, 492.5362930789974))
(0, (0.0, 492.5362930789974))
(0, (0.0, 492.5362930789974))
(0, (0.0, 492.5362930789974))
(0, (0.0, 492.5362930789974))
(0, (0.0, 492.5362930789974))
