(1, (1.9120166550487583, 2.210400007103997))
(1, (1.942895754274895, 2.122165491919341))
(1, (3.434555147025377, 3.448445963438047))
(0, (0.0, inf))
(0, (0.0, 673.0663593292835))
(0, (0.0, 324.3929380410794))
(0, (0.0, 51.94967472910435))
(0, (0.0, 41.97357272515635))
(0, (0.0, 37.43943680590193))
(0, (0.0, 35.96274529171885))
(0, (0.0, 29.160399630291792))
(0, (0.0, 23.20849288073115))
(0, (0.0, 15.686051792360159))
(0, (0.0, 13.464166272140664))
(0, (0.0, 12.373124148316728))
(0, (0.0, 9.721604754602629))
(0, (0.0, 7.615938975771321))
(0, (0.0, 7.600381046965804))
(0, (0.0, 7.487073445584607))
(0, (0.0, 7.331702869391946))
(0, (0.0, 6.837650956029738))
(0, (0.0, 6.543338121344331))
(0, (0.0, 5.042893119512821))
(0, (0.0, 4.932280799053118))
(0, (0.0, 3.9660122774243196))
(0, (0.0, 3.5878995918594923))
(0, (0.0, 3.5675795622433273))
(0, (0.0, 3.4057508614809646))
(0, (0.0, 3.2009706818623727))
(0, (0.0, 3.1095932976008482))
(0, (0.0, 3.1019501907037688))
(0, (0.0, 3.0286967188447327))
(0, (0.0, 2.7029501008740877))
(0, (0.0, 1.905682223209758))
(0, (0.0, 1.854507807846297))
(0, (0.0, 1.8361297875240092))
(0, (0.0, 1.7374824595204137))
(0, (0.0, 1.530963764538036))
(0, (0.0, 1.460599150992748))
(0, (0.0, 1.4500887654008647))
(0, (0.0, 1.394565534376607))
(0, (0.0, 1.3683966799241847))
(0, (0.0, 1.3328069811981136))
(0, (0.0, 1.3114140818123927))
(0, (0.0, 1.2341258150303782))
(0, (0.0, 1.2295979841947213))
(0, (0.0, 0.9944977939073303))
(0, (0.0, 0.913985272249672))
(0, (0.0, 0.6284989166426818))
(0, (0.0, 0.5224251245516048))
(0, (0.0, 0.49318737473314356))
(0, (0.0, 0.33003105206372685))
(0, (0.0, 0.29851946843469396))
(0, (0.0, 0.24922614314593644))
(0, (0.0, 0.13927516799814565))
(0, (0.0, 0.12758502309677158))
(0, (0.0, 0.03213380977684868))
(0, (0.0, 0.015163072576238406))
(0, (0.0, 8.26531030222941e-13))
(0, (0.0, 4.53204298490851e-13))
(0, (0.0, 4.305274831347586e-13))
(0, (0.0, 4.2964340076593377e-13))
(0, (0.0, 3.1378728901290094e-13))
(0, (0.0, 2.984279490192421e-13))
(0, (0.0, 2.873967505387993e-13))
(0, (0.0, 2.8421709430404007e-13))
(0, (0.0, 2.7056661287843684e-13))
(0, (0.0, 2.3991341581609375e-13))
(0, (0.0, 2.1610313646285632e-13))
(0, (0.0, 2.1342910792832853e-13))
(0, (0.0, 1.757785650632539e-13))
(0, (0.0, 1.757785650632539e-13))
(0, (0.0, 1.7112135109858138e-13))
(0, (0.0, 1.7112135109858138e-13))
(0, (0.0, 1.6852000649168164e-13))
(0, (0.0, 1.464821375527116e-13))
(0, (0.0, 1.214175959108492e-13))
(0, (0.0, 1.2084449957466568e-13))
(0, (0.0, 1.200355965281207e-13))
(0, (0.0, 1.1066289663952859e-13))
(0, (0.0, 1.103058955909832e-13))
(0, (0.0, 1.0658141036401503e-13))
(0, (0.0, 9.953940410498703e-14))
(0, (0.0, 9.532931148469529e-14))
(0, (0.0, 8.673279421411239e-14))
(0, (0.0, 8.533911106286719e-14))
(0, (0.0, 8.444704010915923e-14))
(0, (0.0, 8.038873388460929e-14))
(0, (0.0, 7.32410687763558e-14))
(0, (0.0, 7.246142549764705e-14))
(0, (0.0, 7.105427357601002e-14))
(0, (0.0, 6.898122193969271e-14))
(0, (0.0, 6.787449953031483e-14))
(0, (0.0, 6.54907378312891e-14))
(0, (0.0, 6.521915363565902e-14))
(0, (0.0, 6.204547701064548e-14))
(0, (0.0, 5.859285502108464e-14))
(0, (0.0, 5.859285502108464e-14))
(0, (0.0, 5.859285502108464e-14))
(0, (0.0, 5.859285502108464e-14))
(0, (0.0, 5.859285502108464e-14))
(0, (0.0, 5.728578676879116e-14))
(0, (0.0, 5.695433295429594e-14))
(0, (0.0, 5.422982071392023e-14))
(0, (0.0, 4.7796874181478123e-14))
(0, (0.0, 4.5496934130773415e-14))
(0, (0.0, 4.3366397107056194e-14))
(0, (0.0, 4.14314051144892e-14))
(0, (0.0, 3.8263897345803626e-14))
(0, (0.0, 3.5704330589399866e-14))
(0, (0.0, 3.552713678800501e-14))
(0, (0.0, 3.1776437161565096e-14))
(0, (0.0, 3.1776437161565096e-14))
(0, (0.0, 3.1776437161565096e-14))
(0, (0.0, 3.1182052041061595e-14))
(0, (0.0, 3.019806626980426e-14))
(0, (0.0, 3.014577520672848e-14))
(0, (0.0, 2.929642751054232e-14))
(0, (0.0, 2.929642751054232e-14))
(0, (0.0, 2.842170943040401e-14))
(0, (0.0, 2.842170943040401e-14))
(0, (0.0, 2.774758085844075e-14))
(0, (0.0, 2.75764738977458e-14))
(0, (0.0, 2.4868995751603507e-14))
(0, (0.0, 2.3832327871173822e-14))
(0, (0.0, 2.2748467065386707e-14))
(0, (0.0, 2.2748467065386707e-14))
(0, (0.0, 2.2469334198890888e-14))
(0, (0.0, 2.2469334198890888e-14))
(0, (0.0, 2.193638876809073e-14))
(0, (0.0, 2.161031364628563e-14))
(0, (0.0, 2.07157025572446e-14))
(0, (0.0, 1.8678161990249268e-14))
(0, (0.0, 1.7763568394002505e-14))
(0, (0.0, 1.5888218580782548e-14))
(0, (0.0, 1.5888218580782548e-14))
(0, (0.0, 1.5256581230628793e-14))
(0, (0.0, 1.464821375527116e-14))
(0, (0.0, 1.464821375527116e-14))
(0, (0.0, 1.4210854715202004e-14))
(0, (0.0, 1.4210854715202004e-14))
(0, (0.0, 1.4210854715202004e-14))
(0, (0.0, 1.4210854715202004e-14))
(0, (0.0, 1.4210854715202004e-14))
(0, (0.0, 1.4210854715202004e-14))
(0, (0.0, 1.4210854715202004e-14))
(0, (0.0, 1.2809491335957507e-14))
(0, (0.0, 1.2809491335957507e-14))
(0, (0.0, 1.1916163935586911e-14))
(0, (0.0, 1.1234667099445444e-14))
(0, (0.0, 1.1234667099445444e-14))
(0, (0.0, 1.1234667099445444e-14))
(0, (0.0, 1.0805156823142815e-14))
(0, (0.0, 1.0658141036401503e-14))
(0, (0.0, 1.0658141036401503e-14))
(0, (0.0, 1.0048591735576161e-14))
(0, (0.0, 7.944109290391274e-15))
(0, (0.0, 7.944109290391274e-15))
(0, (0.0, 7.944109290391274e-15))
(0, (0.0, 7.944109290391274e-15))
(0, (0.0, 7.944109290391274e-15))
(0, (0.0, 7.105427357601002e-15))
(0, (0.0, 7.105427357601002e-15))
(0, (0.0, 7.105427357601002e-15))
(0, (0.0, 7.105427357601002e-15))
(0, (0.0, 5.0242958677880805e-15))
(0, (0.0, 5.0242958677880805e-15))
(0, (0.0, 3.552713678800501e-15))
(0, (0.0, 3.552713678800501e-15))
(0, (0.0, 3.552713678800501e-15))
(0, (0.0, 3.552713678800501e-15))
(0, (0.0, 3.552713678800501e-15))
(0, (0.0, 3.552713678800501e-15))
(0, (0.0, 3.552713678800501e-15))
(0, (0.0, 1.7763568394002505e-15))
